score(898): 0.38427
score(2676): 0.58342
score(3839): 0.04979
score(6645): 0.09957
score(6648): 0.34851
score(7458): 0.09957
score(7472): 3.96402
score(15584): 0.04979
score(17382): 0.38427
score(21501): 0.43406
score(27401): 0.04979
score(36820): 0.14936
score(39958): 0.09957
score(41872): 0.23491
score(41945): 0.2847
score(41975): 0.33448
score(42304): 0.13534
score(50206): 0.04979
score(55016): 0.04979
score(60754): 0.48384
score(76417): 0.48384
score(107916): 0.09957
score(122178): 0.04979
score(150475): 0.04979
score(169577): 0.04979
score(222256): 0.04979
score(239935): 0.48384
score(240038): 0.14936
score(240039): 0.14936
score(267750): 0.23491
score(277726): 0.04979
score(278976): 0.09957
score(282610): 0.04979
