score(196): 0.04979
score(898): 0.63321
score(1152): 1.13108
score(1459): 0.04979
score(1590): 0.44808
score(2676): 1.18086
score(3637): 2.02724
score(3713): 0.44808
score(3838): 0.04979
score(5521): 0.04979
score(5703): 0.04979
score(6027): 0.04979
score(6203): 0.04979
score(6648): 0.34851
score(6863): 0.34851
score(7459): 1.28044
score(7473): 16.78145
score(8678): 0.09957
score(8932): 0.04979
score(11068): 0.04979
score(12972): 0.04979
score(14518): 0.14936
score(16688): 0.09957
score(17391): 0.29872
score(19157): 0.19915
score(19570): 0.44808
score(19720): 0.04979
score(20042): 0.14936
score(21511): 0.09957
score(24001): 0.04979
score(35062): 0.23491
score(36852): 0.88214
score(39593): 0.04979
score(39992): 0.14936
score(41906): 0.73278
score(41979): 0.58342
score(42009): 0.58342
score(42338): 0.63321
score(52019): 0.09957
score(53845): 0.04979
score(55062): 1.08129
score(57698): 0.19915
score(60808): 1.08129
score(65291): 0.09957
score(67057): 0.33448
score(67147): 0.04979
score(67249): 0.09957
score(72980): 0.04979
score(76490): 0.44808
score(85828): 0.78257
score(91362): 0.09957
score(106828): 0.04979
score(114268): 0.04979
score(121413): 0.04979
score(142206): 0.43406
score(169382): 0.53363
score(169776): 0.24894
score(172112): 0.04979
score(180228): 0.09957
score(195745): 0.14936
score(198131): 0.04979
score(200264): 0.09957
score(203548): 0.04979
score(205199): 0.14936
score(215155): 0.53363
score(240251): 0.04979
score(240354): 0.04979
score(240381): 0.09957
score(251238): 0.09957
score(272181): 0.19915
score(279927): 0.98172
score(282051): 0.04979
score(289417): 0.58342
score(326178): 0.04979
score(327491): 0.09957
score(367836): 0.09957
score(382962): 0.14936
score(392562): 0.78257
score(429377): 0.04979
score(430642): 0.09957
score(436479): 0.04979
score(449455): 0.33448
score(535815): 0.29872
score(576571): 0.04979
score(586745): 0.18512
score(628875): 0.04979
score(631457): 0.09957
score(639684): 0.04979
score(641662): 0.14936
score(650701): 0.04979
score(654095): 1.28044
score(659010): 0.04979
score(731401): 0.14936
score(835148): 0.29872
score(914919): 0.04979
score(1046346): 0.09957
score(1051961): 0.23491
score(1459930): 0.38427
score(1460327): 0.19915
score(1460863): 0.09957
score(1462789): 0.04979
score(1464250): 0.44808
score(1476474): 0.29872
score(1477747): 0.04979
