score(897): 0.08642
score(1713): 0.10473
score(2669): 0.01832
score(2675): 0.03663
score(7446): 0.01832
score(7460): 0.10473
