score(898): 0.48384
score(1152): 0.14936
score(1459): 0.14936
score(1590): 0.19915
score(2676): 0.88214
score(3637): 0.24894
score(3713): 0.48384
score(3813): 0.04979
score(3834): 0.09957
score(3837): 0.04979
score(3838): 0.43406
score(3839): 0.19915
score(3912): 0.04979
score(3957): 0.09957
score(4013): 0.04979
score(4053): 0.14936
score(4096): 0.44808
score(6203): 0.04979
score(6648): 0.54766
score(7113): 0.09957
score(7459): 0.24894
score(7473): 11.23335
score(7751): 0.09957
score(13641): 0.09957
score(14518): 0.04979
score(17364): 0.04979
score(17391): 0.48384
score(19157): 0.19915
score(19570): 0.54766
score(19582): 0.04979
score(21511): 0.58342
score(23527): 0.04979
score(36851): 0.53363
score(39991): 0.14936
score(41905): 0.53363
score(41978): 0.33448
score(42008): 0.53363
score(42158): 0.23491
score(42337): 0.48384
score(50243): 0.14936
score(52018): 0.04979
score(55061): 0.14936
score(60807): 0.88214
score(67056): 0.04979
score(67526): 0.04979
score(76489): 0.88214
score(91361): 0.04979
score(108031): 0.19915
score(122310): 0.04979
score(134612): 0.04979
score(169380): 0.38427
score(169774): 0.23491
score(195743): 0.14936
score(215153): 0.23491
score(228328): 0.14936
score(240248): 0.63321
score(240351): 0.34851
score(240352): 0.09957
score(279924): 0.58342
score(287397): 0.04979
score(289414): 0.48384
score(315056): 0.04979
score(326175): 0.04979
score(327488): 0.04979
score(333827): 0.04979
score(367831): 0.33448
score(367833): 0.43406
score(392559): 0.58342
score(430639): 0.09957
score(434976): 0.04979
score(436476): 0.04979
score(449452): 0.18512
score(536979): 0.19915
score(538607): 0.04979
score(539118): 0.19915
