score(897): 0.33448
score(1589): 0.04979
score(2675): 0.33448
score(3636): 0.09957
score(6641): 0.04979
score(6644): 0.14936
score(7450): 0.09957
score(7464): 2.21376
score(15556): 0.04979
score(17346): 0.2847
score(27295): 0.04979
score(41720): 0.33448
score(41721): 0.04979
score(41793): 0.23491
score(41823): 0.33448
score(41972): 0.18512
score(42149): 0.13534
score(60484): 0.04979
score(68119): 0.33448
score(68133): 0.04979
