score(172): 0.09957
score(196): 0.04979
score(898): 0.68299
score(1152): 0.24894
score(1590): 0.3983
score(2676): 1.23065
score(3637): 2.37575
score(5521): 0.04979
score(6648): 0.29872
score(6863): 0.14936
score(7459): 0.59744
score(7473): 18.43845
score(8932): 0.04979
score(12972): 0.04979
score(14518): 0.04979
score(15512): 0.19915
score(16688): 0.14936
score(17391): 0.73278
score(19157): 0.34851
score(19570): 0.59744
score(19720): 0.14936
score(20042): 0.14936
score(24001): 0.04979
score(35062): 0.14936
score(36852): 1.13108
score(39992): 0.14936
score(41906): 0.68299
score(41979): 0.68299
score(42009): 0.88214
score(52019): 0.14936
score(55062): 1.0315
score(57698): 0.19915
score(60808): 1.0315
score(67057): 0.43406
score(67249): 0.09957
score(72980): 0.09957
score(73979): 0.04979
score(76490): 1.23065
score(77632): 0.04979
score(85828): 0.68299
score(86705): 0.04979
score(87430): 0.24894
score(91362): 0.04979
score(100034): 0.09957
score(106828): 0.04979
score(108033): 0.44808
score(121413): 0.04979
score(128914): 0.09957
score(131047): 0.04979
score(142206): 0.53363
score(163616): 0.09957
score(169382): 0.19915
score(169776): 0.19915
score(172112): 0.09957
score(180228): 0.04979
score(191183): 0.04979
score(195745): 0.09957
score(198131): 0.04979
score(200264): 0.09957
score(205199): 0.14936
score(215155): 0.38427
score(240381): 0.09957
score(251238): 0.09957
score(272181): 0.19915
score(279927): 1.23065
score(282051): 0.04979
score(289417): 0.48384
score(326178): 0.04979
score(327491): 0.04979
score(367836): 0.14936
score(382962): 0.14936
score(392562): 0.93193
score(422446): 0.48384
score(429377): 0.04979
score(430642): 0.09957
score(436479): 0.14936
score(449455): 0.53363
score(451522): 0.09957
score(515280): 0.04979
score(535815): 0.3983
score(544028): 0.14936
score(586745): 0.18512
score(628875): 0.04979
score(631457): 0.09957
score(639684): 0.09957
score(641662): 0.14936
score(650701): 0.09957
score(654095): 1.62895
score(659010): 0.04979
score(662702): 0.04979
score(664930): 0.04979
score(731401): 0.14936
score(759693): 0.04979
score(835148): 0.29872
score(897303): 0.04979
score(914919): 0.04979
score(1046346): 0.09957
score(1051961): 0.2847
score(1405164): 1.13108
score(1422469): 0.04979
score(1500833): 0.24894
score(1504921): 0.38427
score(1525529): 0.09957
score(1530091): 0.09957
score(1596479): 0.04979
score(1632353): 0.04979
score(1738095): 0.69702
score(1747486): 0.34851
score(1748879): 0.04979
