score(172): 0.04979
score(196): 0.04979
score(898): 0.78257
score(1152): 0.24894
score(1459): 0.19915
score(1590): 0.34851
score(2676): 1.23065
score(3637): 2.07703
score(3713): 0.3983
score(3838): 0.14936
score(5521): 0.04979
score(5622): 0.14936
score(6203): 0.04979
score(6648): 0.54766
score(6863): 0.29872
score(7113): 0.14936
score(7459): 1.38001
score(7473): 15.11674
score(8932): 0.04979
score(12972): 0.04979
score(13641): 0.09957
score(14518): 0.58342
score(17391): 0.24894
score(19157): 0.14936
score(19570): 0.64723
score(20042): 0.14936
score(21511): 0.68299
score(24001): 0.04979
score(36852): 0.83235
score(39593): 0.04979
score(39992): 0.19915
score(41906): 0.48384
score(41979): 0.38427
score(42009): 0.58342
score(42159): 0.24894
score(42338): 0.63321
score(50244): 0.14936
score(52019): 0.09957
score(53845): 0.04979
score(55062): 0.98172
score(60808): 0.93193
score(67057): 0.09957
score(67249): 0.09957
score(72980): 0.04979
score(76490): 0.49787
score(85828): 0.09957
score(91362): 0.09957
score(108032): 0.19915
score(128250): 0.09957
score(134613): 0.04979
score(142205): 0.04979
score(169381): 0.48384
score(169775): 0.33448
score(172111): 0.04979
score(180227): 0.23491
score(195744): 0.14936
score(200263): 0.09957
score(211420): 0.04979
score(215154): 0.2847
score(240250): 0.14936
score(240353): 0.04979
score(240380): 0.09957
score(251237): 0.04979
score(272180): 0.14936
score(279926): 0.73278
score(282050): 0.04979
score(287399): 0.04979
score(289416): 0.58342
score(315058): 0.04979
score(326177): 0.04979
score(327490): 0.04979
score(367835): 0.09957
score(392561): 0.68299
score(429376): 0.04979
score(430641): 0.09957
score(436478): 0.04979
score(449454): 0.2847
score(518704): 0.04979
score(535814): 0.29872
score(586744): 0.18512
score(631456): 0.04979
score(639683): 0.04979
score(654094): 0.93193
score(659009): 0.04979
score(731400): 0.14936
score(835147): 0.24894
score(871954): 0.04979
score(879348): 0.2847
score(879625): 0.34851
score(881405): 0.04979
score(882518): 0.3983
score(891595): 0.24894
