score(172): 0.09957
score(196): 0.09957
score(672): 0.29872
score(898): 0.83235
score(1152): 1.33022
score(1459): 0.09957
score(1590): 0.3983
score(2119): 0.04979
score(2670): 0.24894
score(2676): 0.79659
score(2684): 0.04979
score(3097): 0.04979
score(3637): 2.5749
score(5521): 0.09957
score(5894): 0.19915
score(6648): 0.44808
score(6863): 0.24894
score(7113): 0.04979
score(7459): 0.79659
score(7473): 25.03444
score(8678): 0.14936
score(8932): 0.04979
score(12972): 0.04979
score(13201): 0.04979
score(14518): 0.09957
score(15512): 0.29872
score(16688): 0.24894
score(17391): 0.44808
score(19157): 0.54766
score(19570): 1.72852
score(19720): 0.19915
score(20042): 0.14936
score(23342): 0.14936
score(24001): 0.04979
score(27160): 0.09957
score(31175): 0.04979
score(33971): 0.19915
score(34091): 0.48384
score(34943): 0.09957
score(35062): 0.19915
score(36852): 1.13108
score(39992): 0.14936
score(41906): 0.88214
score(41979): 0.78257
score(42009): 0.78257
score(42341): 0.04979
score(52019): 0.19915
score(55062): 1.08129
score(57698): 0.19915
score(58274): 1.47959
score(60808): 1.13108
score(67057): 0.63321
score(67249): 0.19915
score(72980): 0.14936
score(73979): 0.04979
score(76490): 1.33022
score(77632): 0.04979
score(85311): 0.04979
score(85828): 0.83235
score(86705): 0.09957
score(87430): 0.63321
score(100034): 0.09957
score(101167): 0.04979
score(106828): 0.04979
score(108033): 0.49787
score(121413): 0.04979
score(128914): 0.09957
score(131047): 0.04979
score(142206): 0.43406
score(163616): 0.04979
score(169382): 0.29872
score(169776): 0.24894
score(172112): 0.09957
score(174991): 0.04979
score(180228): 0.09957
score(191183): 0.09957
score(195745): 0.19915
score(198131): 0.04979
score(200264): 0.09957
score(205199): 0.19915
score(215155): 0.43406
score(222534): 0.19915
score(239213): 0.04979
score(240354): 0.04979
score(240381): 0.24894
score(251238): 0.09957
score(274938): 0.04979
score(279927): 1.33022
score(282051): 0.04979
score(289417): 0.53363
score(325988): 0.04979
score(327491): 0.04979
score(354210): 0.09957
score(367836): 0.29872
score(382962): 0.24894
score(392562): 0.58342
score(401446): 0.04979
score(412821): 0.19915
score(422446): 0.09957
score(429377): 0.09957
score(430642): 0.09957
score(436479): 0.14936
score(444393): 0.04979
score(449455): 0.63321
score(451522): 0.34851
score(475561): 0.04979
score(515280): 0.04979
score(535815): 0.3983
score(544028): 0.14936
score(546545): 0.23491
score(586745): 0.18512
score(631457): 0.09957
score(639684): 0.04979
score(641662): 0.14936
score(654095): 2.17661
score(659010): 0.04979
score(662702): 0.24894
score(721675): 0.04979
score(731401): 0.04979
score(835148): 0.24894
score(897303): 0.09957
score(914919): 0.04979
score(1046346): 0.14936
score(1051961): 0.33448
score(1213913): 0.04979
score(1405164): 0.79659
score(1422469): 0.04979
score(1500835): 0.3983
score(1502032): 1.62895
score(1504923): 0.48384
score(1525531): 0.29872
score(1530093): 0.04979
score(1555402): 0.04979
score(1596482): 0.09957
score(1632356): 0.09957
score(1635151): 0.19915
score(1635818): 0.09957
score(1639031): 0.09957
score(1666704): 0.04979
score(2594852): 0.14936
score(2694282): 0.04979
score(2741548): 0.69702
score(2798644): 0.88214
score(2898167): 0.14936
