score(172): 0.01832
score(196): 0.07326
score(897): 0.71911
score(1288): 0.01832
score(1458): 0.01832
score(1589): 0.178
score(1956): 0.01832
score(2118): 0.01832
score(2639): 0.01832
score(2669): 0.12821
score(2675): 0.57259
score(3560): 0.01832
score(3636): 0.33768
score(3837): 0.14653
score(3838): 0.16484
score(3840): 0.01832
score(3844): 0.03663
score(3847): 0.07326
score(3848): 0.01832
score(3873): 0.01832
score(3876): 0.01832
score(3882): 0.01832
score(3895): 0.01832
score(3897): 0.01832
score(3907): 0.05495
score(3908): 0.01832
score(3911): 0.27473
score(3912): 0.03663
score(3916): 0.01832
score(3934): 0.05495
score(3956): 0.12821
score(3960): 0.03663
score(3963): 0.01832
score(3966): 0.01832
score(4001): 0.01832
score(4044): 0.01832
score(4045): 0.03663
score(4082): 0.01832
score(4090): 0.01832
score(4124): 0.01832
score(4127): 0.01832
score(4141): 0.03663
score(4240): 0.01832
score(4257): 0.01832
score(4292): 0.01832
score(4302): 0.01832
score(4312): 0.03663
score(4358): 0.03663
score(4797): 0.01832
score(4805): 0.03663
score(4810): 0.01832
score(5198): 0.01832
score(5520): 0.03663
score(5696): 0.01832
score(5867): 0.01832
score(6199): 0.01832
score(6641): 0.19631
score(6644): 0.44241
score(6858): 0.01832
score(7409): 0.01832
score(7450): 0.46589
score(7464): 4.92447
score(8514): 0.03663
score(8521): 0.05495
score(9467): 0.03663
score(10113): 0.14653
score(15269): 0.07326
score(15388): 0.01832
score(15556): 0.04979
score(15889): 0.01832
score(17346): 0.54112
score(17399): 0.01832
score(23247): 0.05495
score(23737): 0.01832
score(27295): 0.04979
score(32641): 0.01832
score(32868): 0.01832
score(34895): 0.01832
score(36245): 0.01832
score(36683): 0.01832
score(39810): 0.07326
score(41605): 0.01832
score(41672): 0.01832
score(41720): 0.44438
score(41721): 0.0681
score(41793): 0.27154
score(41823): 0.42606
score(41972): 0.25838
score(42149): 0.13534
score(43357): 0.05495
score(50007): 0.10989
score(53586): 0.01832
score(55162): 0.01832
score(60484): 0.178
score(61888): 0.05495
score(68119): 1.83637
score(68127): 0.01832
score(68130): 0.01832
score(68131): 0.01832
score(68132): 0.01832
score(68133): 0.52599
score(68222): 0.01832
score(68616): 0.16484
score(68703): 0.09158
score(68793): 0.05495
score(69052): 0.01832
score(69131): 0.05495
score(69210): 0.01832
score(69597): 0.01832
score(70898): 0.10989
