score(196): 0.04979
score(898): 0.68299
score(1152): 0.19915
score(1459): 0.09957
score(1590): 0.3983
score(2676): 1.13108
score(3637): 2.17661
score(3713): 0.49787
score(3838): 0.09957
score(5521): 0.04979
score(6203): 0.04979
score(6648): 0.34851
score(6863): 0.29872
score(7113): 0.09957
score(7459): 1.33022
score(7473): 15.78571
score(8932): 0.04979
score(12972): 0.04979
score(14518): 0.19915
score(16688): 0.09957
score(17391): 0.29872
score(19157): 0.19915
score(19570): 0.54766
score(19720): 0.04979
score(20042): 0.14936
score(21511): 0.04979
score(24001): 0.04979
score(35062): 0.23491
score(36852): 0.88214
score(39593): 0.04979
score(39992): 0.19915
score(41906): 0.48384
score(41979): 0.53363
score(42009): 0.63321
score(42338): 0.68299
score(50244): 0.14936
score(52019): 0.09957
score(53845): 0.04979
score(55062): 1.0315
score(60808): 1.0315
score(65291): 0.09957
score(67057): 0.33448
score(67249): 0.09957
score(72980): 0.04979
score(76490): 0.44808
score(85828): 0.63321
score(91362): 0.09957
score(106827): 0.04979
score(108032): 0.24894
score(114267): 0.04979
score(128250): 0.19915
score(142205): 0.33448
score(169381): 0.48384
score(169775): 0.19915
score(172111): 0.04979
score(180227): 0.23491
score(195744): 0.09957
score(198130): 0.04979
score(200263): 0.09957
score(203547): 0.04979
score(205198): 0.14936
score(215154): 0.43406
score(240250): 0.09957
score(240353): 0.04979
score(240380): 0.09957
score(251237): 0.09957
score(279926): 0.83235
score(282050): 0.04979
score(289416): 0.58342
score(326177): 0.04979
score(327490): 0.09957
score(367835): 0.09957
score(392561): 0.68299
score(429376): 0.04979
score(430641): 0.09957
score(436478): 0.04979
score(449454): 0.38427
score(518704): 0.09957
score(535814): 0.24894
score(586744): 0.18512
score(631456): 0.04979
score(639683): 0.04979
score(641661): 0.19915
score(654094): 1.08129
score(659009): 0.04979
score(731400): 0.14936
score(835147): 0.29872
score(914918): 0.04979
score(1046345): 0.09957
score(1051960): 0.23491
score(1181247): 0.33448
score(1181578): 0.24894
score(1182033): 0.09957
score(1183684): 0.04979
score(1184962): 0.34851
score(1195770): 0.24894
score(1196896): 0.04979
