score(172): 0.09957
score(196): 0.04979
score(898): 0.73278
score(1152): 0.29872
score(1459): 0.04979
score(1590): 0.3983
score(2119): 0.04979
score(2670): 0.19915
score(2676): 1.33022
score(3637): 2.42554
score(5521): 0.04979
score(5894): 0.24894
score(6648): 0.34851
score(6863): 0.19915
score(7459): 0.69702
score(7473): 20.66484
score(8678): 0.14936
score(8932): 0.04979
score(12972): 0.04979
score(13641): 0.04979
score(14518): 0.04979
score(15512): 0.19915
score(16688): 0.14936
score(17391): 0.78257
score(19157): 0.3983
score(19570): 0.59744
score(19720): 0.14936
score(20042): 0.14936
score(24001): 0.04979
score(35062): 0.14936
score(36852): 1.18086
score(39992): 0.14936
score(41906): 0.73278
score(41979): 0.73278
score(42009): 0.93193
score(42341): 0.04979
score(52019): 0.14936
score(55062): 1.0315
score(57698): 0.19915
score(60808): 1.13108
score(67057): 0.43406
score(67249): 0.09957
score(72980): 0.09957
score(73979): 0.04979
score(76490): 1.23065
score(77632): 0.04979
score(85828): 0.73278
score(86705): 0.04979
score(87430): 0.24894
score(91362): 0.09957
score(100034): 0.09957
score(101167): 0.04979
score(106828): 0.04979
score(108033): 0.49787
score(121413): 0.04979
score(128914): 0.09957
score(131047): 0.04979
score(142206): 0.53363
score(163616): 0.09957
score(169382): 0.19915
score(169776): 0.19915
score(172112): 0.09957
score(180228): 0.04979
score(191183): 0.04979
score(195745): 0.14936
score(198131): 0.04979
score(200264): 0.09957
score(205199): 0.19915
score(215155): 0.38427
score(240381): 0.14936
score(251238): 0.09957
score(272181): 0.19915
score(279927): 1.28044
score(282051): 0.04979
score(289417): 0.48384
score(326178): 0.04979
score(327491): 0.04979
score(367836): 0.14936
score(382962): 0.14936
score(392562): 0.93193
score(422446): 0.48384
score(430642): 0.09957
score(436479): 0.14936
score(449455): 0.58342
score(451522): 0.14936
score(515280): 0.04979
score(535815): 0.3983
score(544028): 0.14936
score(586745): 0.18512
score(628875): 0.04979
score(631457): 0.09957
score(639684): 0.09957
score(641662): 0.14936
score(650701): 0.09957
score(654095): 1.67873
score(659010): 0.04979
score(662702): 0.09957
score(664930): 0.04979
score(721675): 0.04979
score(731401): 0.09957
score(759693): 0.04979
score(835148): 0.29872
score(897303): 0.04979
score(914919): 0.04979
score(1046346): 0.09957
score(1051961): 0.33448
score(1213913): 0.04979
score(1405164): 1.23065
score(1422469): 0.04979
score(1500833): 0.29872
score(1502030): 1.47959
score(1504921): 0.43406
score(1525529): 0.09957
score(1530091): 0.09957
score(1555399): 0.04979
score(1596479): 0.09957
score(1632353): 0.09957
score(1635148): 0.04979
score(1635815): 0.04979
score(1714906): 0.04979
score(2010816): 0.74681
score(2021084): 0.34851
score(2022586): 0.04979
