score(897): 0.04979
score(1713): 0.04979
score(7460): 0.04979
