score(172): 0.04979
score(196): 0.09957
score(672): 0.29872
score(898): 0.88214
score(1152): 1.4298
score(1459): 0.09957
score(1590): 0.3983
score(2119): 0.04979
score(2670): 0.34851
score(2676): 0.94595
score(2684): 0.04979
score(3097): 0.04979
score(3637): 2.67448
score(5521): 0.09957
score(5894): 0.29872
score(6648): 0.44808
score(6863): 0.29872
score(7113): 0.09957
score(7459): 0.79659
score(7473): 28.3281
score(7518): 0.04979
score(8678): 0.19915
score(8932): 0.04979
score(12972): 0.04979
score(13201): 0.04979
score(14518): 0.78257
score(15512): 0.34851
score(16688): 0.24894
score(17391): 0.3983
score(18093): 0.04979
score(19157): 0.54766
score(19570): 1.92767
score(20042): 0.14936
score(23342): 0.19915
score(24001): 0.04979
score(27160): 0.09957
score(31175): 0.04979
score(34091): 0.48384
score(34943): 0.09957
score(35062): 0.19915
score(36852): 1.18086
score(39992): 0.14936
score(41906): 0.83235
score(41979): 0.78257
score(42009): 0.78257
score(42341): 0.04979
score(43292): 0.04979
score(48206): 0.04979
score(52019): 0.19915
score(53845): 0.14936
score(55062): 1.33022
score(57698): 0.19915
score(58274): 1.57916
score(59469): 0.04979
score(60809): 1.33022
score(67058): 0.34851
score(67250): 0.19915
score(72981): 0.14936
score(76491): 1.47959
score(77633): 0.04979
score(85829): 0.93193
score(86706): 0.09957
score(87431): 0.63321
score(100035): 0.09957
score(101168): 0.09957
score(106829): 0.04979
score(108034): 0.49787
score(121414): 0.04979
score(128916): 0.04979
score(131049): 0.04979
score(142208): 0.43406
score(160731): 0.14936
score(163618): 0.04979
score(169384): 0.29872
score(169778): 0.24894
score(172114): 0.09957
score(174993): 0.04979
score(180230): 0.09957
score(191185): 0.09957
score(195747): 0.19915
score(198133): 0.04979
score(200266): 0.09957
score(205201): 0.19915
score(215157): 0.43406
score(222536): 0.24894
score(239215): 0.04979
score(240253): 0.04979
score(240356): 0.04979
score(240383): 0.24894
score(251240): 0.19915
score(274940): 0.04979
score(279929): 1.33022
score(282053): 0.09957
score(289419): 0.58342
score(298890): 0.09957
score(325990): 0.04979
score(327493): 0.04979
score(331579): 0.04979
score(354212): 0.09957
score(367838): 0.34851
score(382964): 0.24894
score(392564): 0.63321
score(412823): 0.24894
score(422448): 0.14936
score(429379): 0.09957
score(430644): 0.09957
score(436481): 0.19915
score(449457): 0.63321
score(451524): 0.3983
score(451591): 0.04979
score(475563): 0.04979
score(515282): 0.04979
score(535817): 0.44808
score(544031): 0.04979
score(546548): 0.23491
score(586748): 0.18512
score(631460): 0.09957
score(639687): 0.04979
score(641665): 0.19915
score(654098): 2.47533
score(659013): 0.04979
score(662705): 0.19915
score(706662): 0.09957
score(721678): 0.14936
score(731404): 0.09957
score(759696): 0.09957
score(775954): 0.14936
score(835151): 0.83235
score(837613): 0.04979
score(897306): 0.09957
score(914922): 0.09957
score(1016763): 0.04979
score(1036020): 0.04979
score(1046349): 0.14936
score(1046653): 0.13534
score(1051964): 0.33448
score(1213916): 0.04979
score(1405171): 0.74681
score(1422476): 0.04979
score(1500842): 0.49787
score(1502039): 1.8281
score(1504930): 0.48384
score(1525538): 0.19915
score(1530100): 0.04979
score(1555409): 0.09957
score(1596490): 0.09957
score(1597261): 0.04979
score(1632364): 0.04979
score(1635159): 0.19915
score(1635826): 0.09957
score(1639039): 0.09957
score(1666712): 0.04979
score(1917846): 0.04979
score(2054262): 0.09957
score(2564273): 0.04979
score(2594864): 0.14936
score(2694294): 0.04979
score(2741560): 0.79659
score(2798657): 0.98172
score(2898181): 0.14936
score(3056960): 0.44808
score(3194603): 0.14936
score(3300172): 0.33448
score(3328478): 0.04979
score(3548516): 0.04979
