score(1120): 0.13534
score(1277): 0.04979
score(1963): 0.18512
score(4913): 0.38427
score(5010): 0.04979
score(5445): 0.04979
score(8415): 0.14936
score(9208): 0.04979
score(9327): 0.73278
score(12059): 0.09957
score(15436): 0.04979
score(15765): 1.08129
score(17033): 0.33448
score(21160): 0.04979
score(21257): 0.33448
score(21636): 0.04979
score(21984): 0.04979
score(22075): 0.04979
score(22155): 0.09957
score(22162): 0.98172
score(22167): 0.04979
score(22190): 0.58342
score(22197): 0.43406
score(22202): 0.14936
score(22250): 0.19915
score(22256): 0.04979
score(22259): 0.19915
score(30690): 0.09957
score(30793): 0.04979
score(34263): 0.48384
score(41467): 0.04979
score(43400): 0.04979
score(44412): 0.09957
score(44585): 0.58342
score(61455): 0.63321
score(62693): 0.04979
score(103318): 0.04979
score(113095): 0.04979
score(120916): 0.04979
score(137908): 0.14936
score(145060): 0.04979
score(147980): 0.04979
score(149024): 0.04979
score(156913): 0.04979
score(183927): 0.09957
score(186501): 0.09957
score(198281): 0.04979
score(230391): 0.04979
score(250132): 0.04979
score(275940): 0.68299
score(325324): 0.2847
score(331699): 0.23491
score(331707): 0.53363
score(368457): 0.09957
score(423884): 0.04979
score(503355): 0.04979
score(508400): 0.19915
score(537359): 0.04979
score(544082): 0.09957
score(549112): 0.33448
score(549141): 0.33448
score(565711): 0.13534
score(626758): 0.13534
score(669466): 0.58342
score(758872): 0.04979
score(770970): 0.04979
score(788013): 0.63321
score(788217): 0.23491
score(806521): 0.09957
score(806719): 0.04979
score(806987): 0.19915
score(806992): 0.09957
score(810050): 0.19915
score(810078): 0.09957
score(812257): 9.17271
