score(674): 0.24894
score(1120): 0.18512
score(1277): 0.14936
score(1964): 0.04979
score(2382): 0.09957
score(4834): 0.04979
score(4914): 0.43406
score(5011): 0.38427
score(5446): 0.29872
score(7451): 0.04979
score(7680): 0.19915
score(8418): 0.24894
score(9330): 0.19915
score(9433): 0.3983
score(13445): 0.04979
score(14312): 0.04979
score(15000): 0.04979
score(15324): 0.04979
score(15443): 0.14936
score(15773): 0.83235
score(16638): 0.04979
score(16768): 0.04979
score(17042): 0.43406
score(17055): 0.04979
score(17408): 0.14936
score(21170): 0.04979
score(21267): 0.58342
score(21330): 0.04979
score(21348): 0.04979
score(21646): 0.09957
score(21869): 0.09957
score(21994): 0.24894
score(22165): 0.09957
score(22172): 0.93193
score(22177): 0.04979
score(22200): 0.78257
score(22207): 0.53363
score(22212): 0.04979
score(22216): 0.14936
score(22258): 0.48384
score(22260): 0.09957
score(22266): 0.14936
score(22269): 0.09957
score(22280): 0.19915
score(22308): 0.04979
score(22312): 0.14936
score(22529): 0.19915
score(22543): 0.14936
score(23539): 0.19915
score(23699): 0.29872
score(23700): 0.04979
score(24171): 0.04979
score(29894): 0.19915
score(30702): 0.63321
score(30805): 0.04979
score(33274): 0.04979
score(33404): 0.04979
score(34279): 1.23065
score(41498): 0.04979
score(43432): 0.04979
score(44233): 0.04979
score(44444): 0.09957
score(44513): 0.04979
score(54778): 0.53363
score(61503): 0.93193
score(62742): 0.09957
score(71363): 0.04979
score(104562): 0.09957
score(111945): 0.04979
score(113164): 0.14936
score(118991): 0.04979
score(121470): 0.14936
score(123543): 0.04979
score(130351): 0.04979
score(131943): 0.09957
score(134901): 0.09957
score(138001): 0.29872
score(145166): 0.04979
score(148088): 0.04979
score(157029): 0.04979
score(166215): 0.04979
score(175608): 0.04979
score(198447): 0.14936
score(243055): 0.04979
score(250387): 0.04979
score(253690): 0.33448
score(259086): 0.04979
score(274282): 0.04979
score(276237): 0.04979
score(325694): 0.63321
score(332072): 0.04979
score(366285): 0.04979
score(368885): 0.09957
score(372924): 0.04979
score(405144): 0.04979
score(424407): 0.04979
score(461372): 0.04979
score(503985): 0.04979
score(509039): 0.23491
score(538070): 0.04979
score(544804): 0.04979
score(547431): 0.04979
score(549840): 0.14936
score(549869): 0.58342
score(553182): 0.04979
score(559888): 0.04979
score(566472): 0.09957
score(772179): 0.04979
score(789282): 0.14936
score(817791): 0.04979
score(872174): 0.04979
score(884213): 0.2847
score(1110013): 0.04979
score(1165773): 0.04979
score(1225996): 0.04979
score(1313976): 0.04979
score(1322798): 0.04979
score(1377011): 0.04979
score(1452689): 0.04979
score(1493270): 0.14936
score(1621900): 0.33448
score(1621974): 0.04979
score(1737615): 0.09957
score(1737625): 0.14936
score(1737879): 0.04979
score(1739596): 0.04979
score(1740325): 0.09957
score(1741953): 0.04979
score(1743481): 0.29872
score(1743530): 0.04979
score(1745043): 0.04979
score(1745084): 0.24894
score(1745099): 0.29872
score(1745593): 0.54766
score(1746279): 12.91305
score(1746833): 0.09957
score(1752982): 0.04979
score(1755272): 0.04979
