score(674): 0.04979
score(1120): 0.13534
score(1963): 0.18512
score(4912): 0.43406
score(9204): 0.48384
score(12050): 0.04979
score(15752): 0.53363
score(22135): 0.19915
score(22163): 0.53363
score(22190): 0.09957
score(22232): 0.29872
score(29847): 0.04979
score(33216): 0.04979
score(34219): 0.14936
score(44325): 0.04979
score(44498): 0.2847
score(61319): 0.2847
score(129986): 0.04979
score(137606): 0.19915
score(183391): 0.09957
score(197675): 0.04979
score(219890): 0.04979
score(274778): 0.23491
score(303540): 0.14936
score(303781): 0.53363
score(303784): 0.04979
score(304466): 0.04979
score(304517): 0.14936
score(305297): 0.04979
score(306538): 0.19915
score(307027): 3.54398
