score(4912): 0.04979
score(9203): 0.38427
score(15747): 0.2847
score(22128): 0.14936
score(22156): 0.43406
score(22183): 0.09957
score(22225): 0.19915
score(61284): 0.2847
score(129912): 0.04979
score(134321): 0.38427
score(135135): 0.04979
score(136106): 0.09957
score(136513): 1.57284
