score(69): 0.09957
score(276): 0.34851
score(447): 0.19915
score(693): 0.19915
score(745): 0.04979
score(1535): 0.14936
score(1658): 0.04979
score(1894): 0.09957
score(2188): 0.04979
score(2963): 0.04979
score(3037): 0.24894
score(3094): 0.59744
score(3161): 0.14936
score(3163): 1.18086
score(3165): 1.72852
score(3891): 0.09957
score(4105): 0.09957
score(4108): 0.04979
score(4142): 0.09957
score(4152): 0.04979
score(4237): 0.19915
score(4401): 0.04979
score(5078): 0.04979
score(5088): 0.09957
score(5521): 0.14936
score(6413): 0.09957
score(7065): 0.09957
score(9028): 0.04979
score(9304): 0.58342
score(9845): 0.73278
score(11759): 0.04979
score(12079): 0.09957
score(13425): 0.04979
score(14347): 0.04979
score(14583): 0.04979
score(14587): 16.09943
score(14589): 0.04979
score(14788): 0.09957
score(15355): 0.09957
score(16633): 0.19915
score(16654): 0.09957
score(17356): 0.09957
score(18717): 0.04979
score(19141): 0.14936
score(19340): 0.09957
score(19691): 0.83235
score(19800): 1.08129
score(19918): 0.04979
score(20299): 0.68299
score(20365): 0.14936
score(20660): 0.14936
score(20714): 0.04979
score(20773): 0.04979
score(20774): 0.73278
score(21954): 0.04979
score(22242): 0.04979
score(22499): 0.04979
score(23617): 0.53363
score(23874): 0.04979
score(24786): 0.09957
score(29601): 0.88214
score(32430): 0.04979
score(32529): 0.04979
score(34078): 0.14936
score(37075): 0.14936
score(37205): 0.04979
score(41017): 0.34851
score(41019): 0.19915
score(42829): 0.09957
score(44725): 0.19915
score(45888): 0.04979
score(47753): 0.29872
score(55157): 0.04979
score(60652): 0.04979
score(62350): 0.09957
score(62423): 0.63321
score(62840): 0.29872
score(66534): 0.04979
score(71657): 0.09957
score(85203): 0.24894
score(85357): 0.04979
score(85361): 0.43406
score(85492): 0.48384
score(86724): 0.63321
score(86733): 0.09957
score(86994): 0.19915
score(88341): 0.29872
score(89651): 0.2847
score(89656): 0.33448
score(91233): 0.04979
score(104722): 0.04979
score(113836): 0.04979
score(143604): 0.04979
score(151074): 0.04979
score(157240): 0.09957
score(157867): 0.04979
score(172011): 0.04979
score(181591): 0.04979
score(210720): 0.04979
score(212065): 0.09957
score(216459): 0.04979
score(241583): 0.09957
score(253433): 0.04979
score(254984): 0.24894
score(265940): 0.24894
score(291944): 0.04979
score(302351): 0.04979
score(307731): 0.09957
score(308269): 0.09957
score(319675): 0.04979
score(358161): 0.78257
score(417617): 0.14936
score(418322): 0.43406
score(418419): 0.29872
score(418849): 0.29872
score(432701): 0.29872
score(434386): 0.04979
score(455064): 0.04979
score(462623): 0.04979
score(470142): 0.04979
score(485785): 0.09957
score(501504): 0.09957
score(525268): 0.04979
score(578975): 0.33448
score(593089): 0.04979
score(624091): 0.09957
score(629466): 0.29872
score(629737): 0.04979
score(640188): 0.43406
score(640189): 0.14936
score(643984): 0.04979
score(644586): 0.04979
score(644637): 0.04979
score(713185): 0.04979
score(874524): 0.04979
score(878032): 0.09957
score(878953): 2.58893
score(879533): 0.04979
score(880466): 0.09957
score(880477): 0.04979
score(881324): 0.09957
