score(1109): 0.10989
score(1535): 0.12305
score(2252): 0.03663
score(2948): 0.03663
score(3017): 0.01832
score(3037): 0.01832
score(3066): 0.01832
score(3161): 0.07326
score(3163): 0.31936
score(3165): 0.52883
score(3959): 0.03663
score(3961): 0.31936
score(4110): 0.03663
score(4401): 0.01832
score(4772): 0.01832
score(5003): 0.01832
score(5078): 0.12305
score(5530): 0.03663
score(8333): 0.03663
score(8939): 0.01832
score(9304): 0.03663
score(9620): 0.01832
score(14583): 0.03663
score(14587): 4.60736
score(16633): 0.39262
score(16654): 0.20947
score(17228): 0.01832
score(18827): 0.05495
score(19340): 0.03663
score(19691): 0.12305
score(20365): 0.01832
score(20714): 0.07326
score(20773): 0.73227
score(20774): 1.03847
score(20821): 0.07326
score(20899): 0.01832
score(21067): 0.01832
score(22490): 0.01832
score(22515): 0.01832
score(23617): 1.24278
score(23874): 0.09158
score(24939): 0.05495
score(26004): 0.01832
score(26765): 0.01832
score(29260): 0.01832
score(29601): 0.47904
score(39998): 0.01832
score(41017): 0.24007
score(47753): 0.01832
score(54391): 0.01832
score(55157): 0.01832
score(62423): 0.05495
score(66534): 0.03663
score(84943): 0.01832
score(85356): 0.14137
score(85360): 0.46785
score(85491): 0.27154
score(86723): 0.19631
score(86732): 0.03663
score(86993): 0.05495
score(89655): 0.47585
score(112670): 0.03663
score(125120): 0.03663
score(125124): 0.03663
score(125331): 0.01832
score(125527): 0.07326
score(127027): 0.25126
score(127057): 0.01832
score(127061): 0.05495
score(127385): 0.96325
score(127926): 0.10473
score(128008): 0.01832
