score(616): 0.03663
score(693): 0.01832
score(720): 0.03663
score(962): 0.12821
score(1109): 0.07326
score(1304): 0.01832
score(1539): 0.01832
score(1715): 0.01832
score(2252): 0.07326
score(2944): 0.01832
score(2948): 0.05495
score(3037): 0.05495
score(3066): 0.03663
score(3161): 0.10989
score(3163): 0.73546
score(3165): 0.83417
score(3891): 0.01832
score(3959): 0.03663
score(3961): 0.35599
score(3964): 0.01832
score(4019): 0.03663
score(4110): 0.03663
score(4140): 0.10989
score(4361): 0.01832
score(4401): 0.01832
score(4963): 0.01832
score(5078): 0.19631
score(5088): 0.01832
score(5126): 0.10989
score(5248): 0.01832
score(5530): 0.05495
score(5798): 0.03663
score(5946): 0.01832
score(6413): 0.01832
score(7065): 0.01832
score(7394): 0.01832
score(7556): 0.01832
score(8303): 0.03663
score(8333): 0.03663
score(8939): 0.03663
score(9304): 0.09158
score(14583): 0.09158
score(14587): 6.68183
score(14868): 0.01832
score(16633): 0.80872
score(16653): 0.01832
score(16654): 0.65101
score(18827): 0.05495
score(19141): 0.09158
score(19340): 0.03663
score(19691): 0.26957
score(19800): 0.27473
score(20299): 0.03663
score(20714): 0.07326
score(20773): 0.78721
score(20774): 1.36816
score(20821): 0.05495
score(20899): 0.03663
score(20908): 0.01832
score(20909): 0.05495
score(22490): 0.01832
score(22515): 0.03663
score(23617): 1.45741
score(23874): 0.07326
score(24939): 0.03663
score(25236): 0.03663
score(26004): 0.01832
score(26196): 0.05495
score(26765): 0.03663
score(26929): 0.07326
score(27601): 0.01832
score(29260): 0.01832
score(29601): 0.57062
score(34078): 0.01832
score(36818): 0.01832
score(41016): 0.03663
score(41017): 0.28273
score(41019): 0.01832
score(47753): 0.01832
score(54391): 0.01832
score(54885): 0.03663
score(55157): 0.01832
score(62423): 0.14137
score(66534): 0.07326
score(76413): 0.01832
score(85203): 0.12821
score(85276): 0.01832
score(85357): 0.178
score(85361): 0.46785
score(85492): 0.37627
score(86724): 0.19631
score(86733): 0.03663
score(86848): 0.01832
score(86994): 0.05495
score(88543): 0.01832
score(89651): 0.03663
score(89656): 0.47585
score(97903): 0.14137
score(104944): 0.01832
score(112671): 0.03663
score(113836): 0.03663
score(126078): 0.03663
score(126114): 0.03663
score(147879): 0.01832
score(157867): 0.01832
score(185760): 0.01832
score(192022): 0.03663
score(192438): 0.03663
score(216458): 0.01832
score(221931): 0.01832
score(240917): 0.05495
score(248274): 0.10473
score(258228): 0.01832
score(266283): 0.07326
score(290205): 0.01832
score(291702): 0.30621
score(291756): 0.03663
score(291757): 0.03663
score(292288): 1.37935
score(292308): 0.03663
score(293062): 0.10473
score(293152): 0.01832
score(293198): 0.01832
