score(3158): 0.04979
score(3955): 0.09957
score(5071): 0.04979
score(14569): 0.61918
score(20744): 0.09957
score(20745): 0.18512
score(29549): 0.14936
score(48119): 0.04979
score(48317): 0.23491
score(48493): 0.04979
