score(1535): 0.04979
score(3163): 0.09957
score(3165): 0.19915
score(3961): 0.09957
score(5078): 0.04979
score(14587): 2.39117
score(16633): 0.09957
score(16654): 0.09957
score(19691): 0.04979
score(20773): 0.38427
score(20774): 0.43406
score(23617): 0.58342
score(29601): 0.14936
score(41017): 0.18512
score(85356): 0.04979
score(85360): 0.2847
score(85491): 0.23491
score(86723): 0.04979
score(89655): 0.38427
score(127027): 0.04979
score(127385): 0.24894
score(127926): 0.04979
