score(3163): 0.14936
score(3165): 0.2847
score(3961): 0.09957
score(5078): 0.04979
score(14587): 2.72566
score(16633): 0.14936
score(16654): 0.2847
score(19691): 0.04979
score(20773): 0.38427
score(20774): 0.43406
score(23617): 0.63321
score(29601): 0.14936
score(41017): 0.09957
score(62423): 0.04979
score(85357): 0.04979
score(85361): 0.2847
score(85492): 0.2847
score(86724): 0.04979
score(89656): 0.38427
score(97903): 0.04979
score(248274): 0.04979
score(291702): 0.04979
score(292288): 0.29872
score(293062): 0.04979
