score(2248): 0.09158
score(2584): 0.01832
score(2670): 0.01832
score(2944): 0.01832
score(2996): 0.01832
score(3007): 0.03663
score(3032): 0.05495
score(3052): 0.01832
score(3158): 0.12305
score(3955): 0.19115
score(4013): 0.01832
score(4104): 0.01832
score(5071): 0.08642
score(5081): 0.01832
score(5523): 0.03663
score(6406): 0.01832
score(7058): 0.01832
score(8296): 0.01832
score(14565): 0.01832
score(14569): 1.38844
score(16612): 0.03663
score(18801): 0.01832
score(19230): 0.01832
score(19313): 0.03663
score(19772): 0.20147
score(20685): 0.03663
score(20744): 0.17284
score(20745): 0.42323
score(20870): 0.03663
score(20880): 0.01832
score(22458): 0.01832
score(23837): 0.03663
score(29549): 0.27757
score(34016): 0.01832
score(39917): 0.01832
score(44230): 0.01832
score(46761): 0.01832
score(47341): 0.03663
score(48119): 0.178
score(48140): 0.01832
score(48317): 0.6928
score(48493): 0.08642
score(48531): 0.01832
