score(276): 0.29872
score(3163): 0.53363
score(3165): 0.2847
score(3961): 0.09957
score(5078): 0.04979
score(9304): 0.04979
score(14583): 0.04979
score(14587): 3.35886
score(16633): 0.19915
score(16654): 0.23491
score(19691): 0.09957
score(19800): 0.43406
score(20773): 0.04979
score(20774): 0.33448
score(23874): 0.04979
score(24786): 0.04979
score(29601): 0.53363
score(34078): 0.09957
score(41017): 0.09957
score(47753): 0.09957
score(62840): 0.09957
score(85357): 0.04979
score(85361): 0.23491
score(85492): 0.2847
score(89656): 0.33448
score(307730): 0.04979
score(358160): 0.09957
score(418321): 0.04979
score(462622): 0.04979
score(521463): 0.44808
score(521490): 0.09957
score(522472): 0.04979
