score(225): 0.04979
score(612): 0.09957
score(666): 0.04979
score(933): 0.04979
score(1857): 0.59744
score(2180): 0.09957
score(2190): 0.04979
score(2200): 0.04979
score(2205): 0.09957
score(2241): 0.09957
score(2264): 0.18512
score(2274): 0.04979
score(2276): 0.09957
score(2290): 0.04979
score(2447): 0.44808
score(2957): 0.04979
score(3082): 0.14936
score(3139): 0.24894
score(3140): 1.39404
score(3182): 0.04979
score(3242): 0.04979
score(4417): 0.04979
score(4785): 0.04979
score(4873): 0.68299
score(5489): 0.09957
score(6571): 0.04979
score(9218): 0.24894
score(12954): 0.13534
score(15991): 0.19915
score(16185): 0.09957
score(18197): 0.04979
score(18264): 0.04979
score(18843): 0.04979
score(21596): 0.19915
score(21729): 0.14936
score(21734): 0.58342
score(22189): 0.09957
score(22570): 0.04979
score(24892): 0.34851
score(25156): 19.40218
score(25204): 0.83235
score(27722): 0.09957
score(28254): 0.09957
score(28524): 0.14936
score(31830): 0.04979
score(35748): 1.72852
score(37397): 0.14936
score(38885): 0.24894
score(39877): 0.04979
score(43292): 0.68299
score(43678): 0.38427
score(44086): 0.14936
score(44142): 0.14936
score(44229): 0.04979
score(44292): 0.04979
score(44406): 0.04979
score(45897): 0.04979
score(49057): 0.04979
score(49725): 0.09957
score(49857): 0.09957
score(54057): 0.78257
score(54106): 0.04979
score(60757): 0.04979
score(64204): 1.18086
score(66607): 0.04979
score(70078): 0.04979
score(75401): 0.09957
score(87099): 0.04979
score(94620): 0.19915
score(102526): 0.04979
score(108044): 0.73278
score(118048): 0.04979
score(119090): 0.04979
score(121121): 0.14936
score(134083): 0.04979
score(135171): 0.04979
score(145743): 0.43406
score(145902): 0.04979
score(145909): 0.44808
score(150620): 0.04979
score(162250): 0.63321
score(176148): 1.77831
score(193729): 0.18512
score(196937): 0.09957
score(197037): 0.04979
score(197062): 0.83235
score(197780): 0.04979
score(210959): 0.04979
score(214420): 0.29872
score(214421): 0.93193
score(217433): 0.38427
score(218273): 0.48384
score(220628): 0.73278
score(228026): 0.14936
score(232235): 0.29872
score(280111): 0.38427
score(301989): 0.04979
score(306139): 0.04979
score(309497): 1.33022
score(319349): 0.09957
score(329101): 0.09957
score(334459): 0.33448
score(335164): 0.33448
score(335187): 0.04979
score(362551): 0.04979
score(384579): 0.63321
score(384940): 0.68299
score(385078): 0.04979
score(392282): 0.19915
score(395525): 0.23491
score(428239): 0.43406
score(428250): 0.73278
score(449973): 0.2847
score(451672): 0.09957
score(451722): 0.24894
score(461886): 0.14936
score(475366): 0.04979
score(481398): 0.04979
score(481420): 0.04979
score(481433): 0.04979
score(484718): 0.04979
score(484729): 0.04979
score(485953): 0.04979
score(527649): 0.04979
score(541114): 0.09957
score(663949): 0.14936
score(735378): 0.04979
score(743477): 0.04979
score(768914): 0.09957
score(793977): 0.04979
score(810881): 0.04979
score(1217372): 0.78257
score(1259769): 0.38427
score(1264085): 0.04979
score(1264985): 1.47959
score(1265826): 0.09957
score(1267518): 0.04979
