score(2169): 0.04979
score(2190): 0.04979
score(2220): 0.04979
score(2241): 0.04979
score(2264): 0.13534
score(2276): 0.04979
score(2447): 0.19915
score(2730): 0.04979
score(2957): 0.04979
score(3140): 0.73278
score(4347): 0.04979
score(4873): 0.04979
score(15991): 0.04979
score(18197): 0.09957
score(21729): 0.2847
score(21732): 0.14936
score(22189): 0.09957
score(24892): 0.09957
score(25156): 4.02783
score(27383): 0.04979
score(27722): 0.04979
score(35748): 0.63321
score(43678): 0.13534
score(44086): 0.04979
score(44406): 0.04979
score(54106): 0.04979
score(64204): 0.14936
score(70078): 0.04979
score(102526): 0.04979
score(119090): 0.04979
score(145909): 0.14936
score(162250): 0.53363
score(197037): 0.04979
score(197062): 0.53363
score(214421): 0.04979
score(217433): 0.33448
score(218273): 0.38427
score(232235): 0.09957
score(237233): 0.13534
score(301989): 0.04979
score(302389): 0.04979
score(316411): 0.09957
score(316919): 0.04979
score(319648): 0.38427
score(320928): 0.04979
