score(3131): 0.13534
score(25058): 0.27067
score(31374): 0.13534
