score(3073): 0.01832
score(3131): 0.15365
score(4466): 0.01832
score(5476): 0.01832
score(25058): 0.3073
score(27562): 0.01832
score(31374): 0.15365
