score(408): 0.07326
score(1857): 0.10989
score(1861): 0.01832
score(2169): 0.05495
score(2182): 0.01832
score(2190): 0.03663
score(2226): 0.01832
score(2256): 0.01832
score(2264): 0.10989
score(2276): 0.09158
score(2290): 0.03663
score(2468): 0.01832
score(2492): 0.01832
score(2502): 0.01832
score(2541): 0.01832
score(2658): 0.03663
score(2669): 0.01832
score(3012): 0.01832
score(3079): 0.01832
score(3136): 0.03663
score(3137): 0.68764
score(3534): 0.03663
score(3961): 0.03663
score(5483): 0.01832
score(11173): 0.14653
score(11175): 0.01832
score(15724): 0.05495
score(15981): 0.03663
score(18184): 0.07326
score(18830): 0.01832
score(22073): 0.01832
score(22168): 0.09158
score(24870): 0.34284
score(25134): 2.17195
score(27361): 0.05495
score(28501): 0.03663
score(29108): 0.01832
score(35313): 0.01832
score(35722): 0.72427
score(43253): 0.07326
score(43639): 0.03663
score(44047): 0.15968
score(44298): 0.03663
score(44416): 0.03663
score(45103): 0.01832
score(45105): 0.01832
score(45352): 0.01832
score(45532): 0.01832
score(48555): 0.05495
score(49797): 0.01832
score(54043): 0.0681
score(55823): 0.01832
score(64103): 0.39975
score(65543): 0.01832
score(67397): 0.03663
score(69171): 0.01832
score(69970): 0.03663
score(73026): 0.01832
score(74034): 0.01832
score(84742): 0.01832
score(95753): 0.01832
score(106215): 0.01832
score(106324): 0.41094
score(107085): 0.01832
score(107854): 0.25838
