score(3137): 0.2847
score(24870): 0.04979
score(25134): 0.88985
score(35722): 0.2847
score(44047): 0.04979
score(54043): 0.04979
score(64103): 0.23491
score(106324): 0.09957
score(107854): 0.18512
