score(612): 0.09957
score(666): 0.04979
score(933): 0.04979
score(1369): 0.04979
score(1857): 0.74681
score(2180): 0.09957
score(2190): 0.04979
score(2200): 0.04979
score(2205): 0.14936
score(2241): 0.09957
score(2264): 0.18512
score(2274): 0.04979
score(2276): 0.09957
score(2447): 0.34851
score(2957): 0.04979
score(3082): 0.14936
score(3139): 0.24894
score(3140): 1.44382
score(3182): 0.04979
score(3242): 0.09957
score(3367): 0.04979
score(4785): 0.04979
score(4873): 0.78257
score(5374): 0.14936
score(5489): 0.14936
score(6799): 0.04979
score(7538): 0.14936
score(9218): 0.34851
score(11792): 0.04979
score(12171): 0.23491
score(12954): 0.18512
score(15991): 0.24894
score(16185): 0.09957
score(18197): 0.04979
score(18264): 0.04979
score(18843): 0.04979
score(18978): 0.13534
score(21596): 0.19915
score(21729): 0.14936
score(21734): 0.63321
score(22189): 0.09957
score(22227): 0.48384
score(22570): 0.04979
score(24892): 0.49787
score(25156): 24.23292
score(25204): 0.93193
score(27714): 0.29872
score(27722): 0.19915
score(28254): 0.09957
score(28524): 0.19915
score(31830): 0.04979
score(35748): 1.8281
score(37397): 0.14936
score(38885): 0.19915
score(39877): 0.04979
score(43292): 0.68299
score(43678): 0.48384
score(44086): 1.28044
score(44142): 0.14936
score(44229): 0.04979
score(44292): 0.04979
score(44406): 0.04979
score(45897): 0.04979
score(47041): 0.04979
score(49057): 0.04979
score(49725): 0.14936
score(49857): 0.09957
score(50417): 0.04979
score(54057): 0.93193
score(54106): 0.04979
score(60757): 0.04979
score(64204): 1.28044
score(66641): 0.04979
score(74193): 0.09957
score(75401): 0.14936
score(87100): 0.04979
score(89975): 0.04979
score(94621): 0.19915
score(100656): 0.53363
score(102527): 0.04979
score(108045): 0.83235
score(118049): 0.04979
score(119091): 0.04979
score(121122): 0.14936
score(134084): 0.04979
score(135172): 0.19915
score(145744): 0.43406
score(145903): 0.04979
score(145910): 0.44808
score(150621): 0.04979
score(162251): 0.73278
score(167742): 0.04979
score(176149): 1.8281
score(193730): 0.18512
score(196938): 0.09957
score(197038): 0.04979
score(197063): 0.93193
score(197781): 0.04979
score(210960): 0.04979
score(214421): 0.34851
score(214422): 1.0315
score(217434): 0.48384
score(218274): 0.48384
score(220629): 0.98172
score(222171): 0.09957
score(228027): 0.14936
score(232236): 0.34851
score(280112): 0.38427
score(306140): 0.09957
score(309498): 1.52937
score(314197): 0.24894
score(319350): 0.09957
score(329102): 0.09957
score(334460): 0.38427
score(335165): 0.33448
score(335188): 0.04979
score(362552): 0.04979
score(381195): 0.04979
score(384580): 0.68299
score(384941): 0.68299
score(385079): 0.09957
score(392283): 0.29872
score(395526): 0.33448
score(413852): 0.04979
score(428240): 0.53363
score(428251): 1.28044
score(449974): 0.2847
score(450423): 0.04979
score(451723): 0.24894
score(461887): 0.14936
score(475367): 0.04979
score(481399): 0.04979
score(481421): 0.04979
score(481434): 0.04979
score(484403): 0.04979
score(484719): 0.04979
score(484730): 0.04979
score(485954): 0.04979
score(527650): 0.04979
score(541115): 0.09957
score(663950): 0.14936
score(735379): 0.04979
score(743478): 0.04979
score(753364): 0.04979
score(768915): 0.09957
score(793978): 0.38427
score(810882): 0.04979
score(1217374): 0.98172
score(1274529): 0.63321
score(1306489): 0.04979
score(1360562): 0.13534
score(1518313): 0.04979
score(1519368): 1.67873
score(1520365): 0.04979
score(1522408): 0.04979
