score(225): 0.09957
score(2190): 0.04979
score(2200): 0.04979
score(2220): 0.09957
score(2241): 0.09957
score(2264): 0.23491
score(2276): 0.14936
score(2290): 0.09957
score(2447): 0.34851
score(2683): 0.04979
score(2957): 0.04979
score(3140): 1.57916
score(3182): 0.04979
score(4283): 0.09957
score(4710): 0.34851
score(4785): 0.09957
score(4873): 0.43406
score(9218): 0.19915
score(15991): 0.04979
score(18197): 0.09957
score(21729): 0.33448
score(21732): 0.19915
score(21734): 0.09957
score(22189): 0.09957
score(24892): 0.29872
score(25156): 13.12762
score(25204): 0.68299
score(25441): 0.04979
score(27383): 0.04979
score(27722): 0.04979
score(35748): 0.98172
score(38885): 0.19915
score(43292): 0.04979
score(43678): 0.23491
score(44086): 0.09957
score(44292): 0.04979
score(44406): 0.04979
score(54057): 0.58342
score(54106): 0.04979
score(64204): 0.44808
score(70078): 0.04979
score(87099): 0.04979
score(102526): 0.09957
score(108044): 0.53363
score(108939): 0.04979
score(119090): 0.04979
score(134083): 0.04979
score(145743): 0.38427
score(145902): 0.04979
score(145909): 0.43406
score(162250): 0.58342
score(193729): 0.04979
score(197037): 0.04979
score(197062): 0.73278
score(210959): 0.04979
score(214420): 0.29872
score(214421): 0.93193
score(217433): 0.33448
score(218273): 0.48384
score(220628): 0.78257
score(232235): 0.09957
score(237233): 0.04979
score(280111): 0.04979
score(301989): 0.04979
score(302389): 0.04979
score(309497): 1.28044
score(319349): 0.09957
score(334459): 0.2847
score(335164): 0.2847
score(335187): 0.04979
score(384579): 0.63321
score(384940): 0.58342
score(392282): 0.09957
score(395525): 0.23491
score(428239): 0.33448
score(428250): 0.19915
score(450422): 0.09957
score(451672): 0.04979
score(451722): 0.14936
score(461886): 0.04979
score(481398): 0.04979
score(481420): 0.04979
score(481433): 0.04979
score(484718): 0.04979
score(485953): 0.04979
score(541114): 1.08129
score(616570): 0.04979
score(617319): 0.09957
score(618058): 0.09957
score(621892): 1.33022
score(622541): 0.09957
score(623859): 0.04979
