score(1705): 0.04979
score(2176): 0.04979
score(2363): 0.04979
score(4144): 0.09957
score(4278): 0.09957
score(4280): 0.14936
score(8497): 0.04979
score(9102): 0.29872
score(26376): 0.14936
score(26417): 0.09957
score(28574): 0.29872
score(30911): 0.04979
score(37409): 0.14936
score(39997): 0.04979
score(41666): 0.04979
score(57490): 0.98172
score(65342): 0.14936
score(67641): 0.09957
score(108793): 0.19915
score(110094): 11.31987
score(115131): 0.09957
score(123757): 0.48384
score(124020): 0.48384
score(125134): 0.04979
score(138272): 0.04979
score(138937): 0.04979
score(148186): 0.04979
score(152540): 0.43406
score(152541): 0.48384
score(152785): 0.38427
score(157200): 0.09957
score(200032): 0.04979
score(202398): 0.04979
score(214494): 0.14936
score(221588): 0.29872
score(225042): 0.04979
score(265536): 0.88214
score(266302): 0.09957
score(266699): 0.04979
score(266710): 0.09957
score(267420): 0.29872
score(269599): 0.04979
score(273863): 0.09957
score(291591): 0.48384
score(322612): 0.24894
score(333484): 0.19915
score(355741): 0.33448
score(357150): 0.24894
score(363416): 0.04979
score(368463): 0.14936
score(387806): 0.38427
score(396926): 0.04979
score(431206): 0.04979
score(433225): 0.04979
score(433262): 0.04979
score(455566): 0.09957
score(489568): 0.04979
score(501732): 0.09957
score(510851): 0.09957
score(512223): 0.19915
score(530549): 0.09957
score(531456): 0.83235
score(534376): 0.68299
score(550812): 0.09957
score(597941): 0.54766
score(622990): 0.14936
score(628958): 0.04979
score(643555): 0.44808
score(686559): 0.69702
score(706047): 0.23491
score(739885): 0.43406
score(760241): 0.04979
score(768122): 0.04979
score(774772): 0.09957
score(776457): 0.19915
score(780249): 0.04979
score(784238): 0.48384
score(790261): 0.24894
score(792534): 0.09957
score(826894): 0.09957
score(844285): 0.48384
score(861819): 0.24894
score(878307): 0.58342
score(881993): 0.23491
score(899152): 0.04979
score(926631): 0.29872
score(948659): 0.34851
score(965098): 0.04979
score(984479): 0.04979
score(1024349): 0.43406
score(1078490): 0.09957
score(1090535): 0.48384
score(1231195): 0.04979
score(1364194): 0.04979
