score(18): 0.04979
score(1705): 0.09957
score(2176): 0.04979
score(2264): 0.04979
score(2310): 0.04979
score(2363): 0.09957
score(4144): 0.09957
score(4278): 0.19915
score(4280): 0.24894
score(5195): 0.09957
score(6689): 0.04979
score(8497): 0.09957
score(9102): 0.34851
score(22468): 0.04979
score(23475): 0.14936
score(26376): 0.19915
score(26417): 0.19915
score(28574): 0.54766
score(30911): 0.09957
score(31014): 0.04979
score(37409): 0.19915
score(39997): 0.09957
score(41666): 0.14936
score(49678): 0.04979
score(57490): 1.23065
score(65342): 0.24894
score(67641): 0.14936
score(108793): 0.09957
score(110094): 17.43736
score(115131): 0.14936
score(116724): 0.99574
score(123757): 0.14936
score(124020): 0.73278
score(125134): 0.04979
score(128644): 0.09957
score(134285): 0.04979
score(138272): 0.09957
score(138937): 0.09957
score(152540): 0.48384
score(152541): 0.53363
score(152785): 0.53363
score(168782): 0.3983
score(178104): 0.09957
score(200032): 0.04979
score(202398): 0.14936
score(214494): 0.53363
score(221316): 0.04979
score(221588): 0.29872
score(225042): 0.04979
score(265451): 0.04979
score(265536): 1.28044
score(265602): 1.39404
score(265825): 0.04979
score(266302): 0.34851
score(266710): 0.09957
score(267420): 0.3983
score(267648): 0.29872
score(269599): 0.09957
score(270992): 0.09957
score(272308): 0.19915
score(273863): 0.14936
score(291591): 0.63321
score(322612): 0.14936
score(333484): 0.48384
score(355741): 0.38427
score(357150): 0.19915
score(359133): 0.04979
score(360208): 0.04979
score(363416): 0.04979
score(367548): 0.04979
score(368463): 0.19915
score(368468): 0.04979
score(387806): 0.53363
score(396926): 0.04979
score(402969): 0.14936
score(431206): 0.04979
score(433225): 0.04979
score(433262): 0.14936
score(445332): 0.19915
score(445823): 0.04979
score(446427): 0.04979
score(455567): 0.19915
score(467288): 0.04979
score(489569): 0.04979
score(501733): 0.09957
score(503038): 0.04979
score(510852): 0.24894
score(512224): 0.14936
score(530559): 0.04979
score(531457): 0.93193
score(533750): 0.04979
score(534377): 0.68299
score(550813): 1.18086
score(581748): 0.29872
score(597942): 0.59744
score(605295): 0.04979
score(628323): 0.04979
score(628960): 0.04979
score(643557): 0.64723
score(706049): 0.23491
score(739888): 0.43406
score(752845): 0.09957
score(760244): 0.09957
score(774775): 0.09957
score(776460): 0.19915
score(780252): 0.04979
score(784241): 0.53363
score(790264): 0.48384
score(792537): 0.04979
score(826897): 0.09957
score(844288): 0.68299
score(861822): 0.44808
score(878310): 0.48384
score(881996): 0.23491
score(886372): 0.04979
score(899155): 0.04979
score(903427): 0.04979
score(910953): 0.04979
score(922732): 0.83235
score(934541): 0.04979
score(948662): 0.49787
score(965101): 0.04979
score(984482): 0.04979
score(985565): 0.04979
score(1024352): 0.43406
score(1056216): 0.04979
score(1078493): 0.14936
score(1090538): 0.58342
score(1103910): 0.04979
score(1173693): 0.04979
score(1231200): 0.04979
score(1364200): 0.04979
score(1439726): 0.04979
score(1718980): 0.04979
