score(469): 0.04979
score(1705): 0.04979
score(2176): 0.04979
score(2363): 0.04979
score(4144): 0.09957
score(4278): 0.09957
score(4280): 0.04979
score(4864): 0.04979
score(8497): 0.04979
score(9102): 0.29872
score(26376): 0.19915
score(26417): 0.09957
score(28574): 0.24894
score(31153): 0.09957
score(39997): 0.04979
score(41666): 0.04979
score(53775): 0.04979
score(57490): 0.88214
score(65342): 0.14936
score(108793): 0.14936
score(110094): 9.19305
score(115131): 0.09957
score(123757): 0.43406
score(124020): 0.38427
score(125134): 0.04979
score(132384): 0.19915
score(152540): 0.43406
score(152541): 0.48384
score(152785): 0.38427
score(157200): 0.09957
score(200032): 0.04979
score(202398): 0.04979
score(214494): 0.09957
score(225042): 0.09957
score(265536): 0.33448
score(266302): 0.04979
score(266710): 0.04979
score(267420): 0.19915
score(269599): 0.04979
score(273863): 0.04979
score(291591): 0.14936
score(322612): 0.24894
score(333484): 0.09957
score(355741): 0.38427
score(357150): 0.14936
score(359133): 0.04979
score(368463): 0.04979
score(387806): 0.38427
score(396926): 0.04979
score(426954): 0.04979
score(431206): 0.04979
score(433225): 0.04979
score(433262): 0.04979
score(455566): 0.09957
score(489568): 0.04979
score(501732): 0.09957
score(512223): 0.14936
score(530549): 0.09957
score(531456): 0.83235
score(534376): 0.63321
score(550812): 0.04979
score(597941): 0.54766
score(622990): 0.04979
score(643555): 0.04979
score(686559): 0.14936
score(706047): 0.23491
score(735245): 0.04979
score(739885): 0.38427
score(760241): 0.09957
score(768122): 0.04979
score(774772): 0.09957
score(776457): 0.19915
score(780249): 0.04979
score(784238): 0.43406
score(790261): 0.24894
score(792534): 0.09957
score(810653): 0.04979
score(826894): 0.09957
score(844285): 0.43406
score(861819): 0.14936
score(878307): 0.53363
score(881993): 0.23491
score(899152): 0.04979
score(926151): 0.04979
score(926631): 0.24894
score(965098): 0.04979
score(984479): 0.04979
score(1024349): 0.43406
score(1078490): 0.09957
score(1090535): 0.33448
score(1231195): 0.04979
