score(16): 0.01832
score(2172): 0.03663
score(2309): 0.01832
score(2310): 0.01832
score(2313): 0.01832
score(2445): 0.03663
score(6486): 0.01832
score(10213): 0.01832
score(26091): 0.01832
score(41662): 0.03663
score(49331): 0.01832
score(57489): 0.51764
score(108792): 0.10473
score(110090): 0.01832
score(110093): 0.55427
score(152538): 0.0681
score(152539): 0.08642
score(152783): 0.04979
score(158096): 0.01832
score(158466): 0.01832
score(162348): 0.03663
score(162618): 0.01832
