score(1705): 0.04979
score(2176): 0.04979
score(2363): 0.04979
score(4144): 0.09957
score(4278): 0.09957
score(4280): 0.14936
score(8497): 0.04979
score(9102): 0.24894
score(22468): 0.04979
score(26376): 0.14936
score(26417): 0.09957
score(28574): 0.34851
score(30911): 0.04979
score(37409): 0.14936
score(39997): 0.09957
score(41666): 0.04979
score(57490): 0.93193
score(65342): 0.19915
score(67641): 0.09957
score(108793): 0.19915
score(110094): 11.25606
score(115131): 0.09957
score(123757): 0.43406
score(124020): 0.48384
score(125134): 0.09957
score(138272): 0.04979
score(138937): 0.04979
score(152540): 0.43406
score(152541): 0.48384
score(152785): 0.43406
score(200032): 0.04979
score(202398): 0.09957
score(214494): 0.14936
score(221588): 0.29872
score(225042): 0.04979
score(265536): 1.08129
score(266699): 0.04979
score(266710): 0.04979
score(267420): 0.3983
score(269599): 0.04979
score(272308): 0.14936
score(273863): 0.09957
score(291591): 0.43406
score(322612): 0.09957
score(333484): 0.14936
score(355741): 0.33448
score(357150): 0.19915
score(363416): 0.04979
score(368463): 0.09957
score(387806): 0.43406
score(396926): 0.04979
score(431206): 0.04979
score(433225): 0.04979
score(433262): 0.09957
score(489568): 0.04979
score(501732): 0.09957
score(510851): 0.14936
score(512223): 0.14936
score(531456): 0.83235
score(534376): 0.68299
score(550812): 0.14936
score(597941): 0.59744
score(628958): 0.04979
score(643555): 0.49787
score(706047): 0.23491
score(716584): 0.04979
score(739885): 0.38427
score(760241): 0.04979
score(774772): 0.09957
score(776457): 0.19915
score(780249): 0.04979
score(784238): 0.48384
score(790261): 0.29872
score(792534): 0.04979
score(826894): 0.09957
score(844285): 0.48384
score(861819): 0.19915
score(878307): 0.53363
score(881993): 0.23491
score(899152): 0.04979
score(922729): 0.73278
score(926631): 0.29872
score(948659): 0.34851
score(965098): 0.04979
score(984479): 0.04979
score(1024349): 0.38427
score(1078490): 0.09957
score(1090535): 0.48384
score(1231195): 0.04979
score(1364194): 0.04979
