score(18): 0.04979
score(1705): 0.09957
score(2176): 0.04979
score(2264): 0.04979
score(2310): 0.04979
score(2363): 0.09957
score(3125): 0.04979
score(4144): 0.09957
score(4278): 0.19915
score(4280): 0.29872
score(5195): 0.09957
score(6689): 0.04979
score(8497): 0.09957
score(9102): 0.34851
score(21228): 0.14936
score(22468): 0.04979
score(23475): 0.19915
score(26376): 0.19915
score(26417): 0.19915
score(28574): 0.49787
score(30911): 0.04979
score(31014): 0.04979
score(37409): 0.19915
score(39997): 0.09957
score(41666): 0.14936
score(57490): 1.13108
score(65342): 0.24894
score(67641): 0.14936
score(108793): 0.14936
score(110094): 17.99904
score(115131): 0.19915
score(116724): 0.94595
score(123757): 0.14936
score(124020): 0.68299
score(125134): 0.04979
score(128644): 0.09957
score(134285): 0.04979
score(138272): 0.09957
score(138937): 0.09957
score(148186): 0.04979
score(152540): 0.48384
score(152541): 0.53363
score(152785): 0.53363
score(168782): 0.3983
score(178104): 0.09957
score(200032): 0.04979
score(202398): 0.14936
score(214494): 0.53363
score(221316): 0.04979
score(221588): 0.29872
score(225042): 0.04979
score(265451): 0.04979
score(265536): 1.33022
score(265602): 1.44382
score(265825): 0.04979
score(266245): 0.09957
score(266302): 0.34851
score(266710): 0.14936
score(267420): 0.44808
score(267648): 0.29872
score(269599): 0.09957
score(270992): 0.09957
score(272308): 0.14936
score(273863): 0.14936
score(291591): 0.68299
score(322612): 0.19915
score(333484): 0.58342
score(355741): 0.43406
score(357150): 0.24894
score(359133): 0.04979
score(360208): 0.04979
score(363416): 0.04979
score(367548): 0.04979
score(368463): 0.24894
score(368468): 0.04979
score(387806): 0.43406
score(396926): 0.04979
score(402969): 0.14936
score(431206): 0.04979
score(433225): 0.04979
score(433262): 0.14936
score(445331): 0.24894
score(445822): 0.04979
score(446426): 0.04979
score(467287): 0.04979
score(489568): 0.04979
score(501732): 0.09957
score(503037): 0.04979
score(510851): 0.19915
score(512223): 0.19915
score(530558): 0.04979
score(531456): 0.98172
score(533749): 0.04979
score(534376): 0.68299
score(550812): 0.54766
score(581747): 0.34851
score(597941): 0.64723
score(605294): 0.04979
score(628322): 0.04979
score(628959): 0.04979
score(643556): 0.59744
score(686560): 0.74681
score(706048): 0.23491
score(735246): 0.04979
score(739886): 0.48384
score(752843): 0.09957
score(760242): 0.09957
score(774773): 0.09957
score(776458): 0.19915
score(780250): 0.04979
score(784239): 0.53363
score(790262): 0.53363
score(792535): 0.04979
score(826895): 0.09957
score(844286): 0.63321
score(861820): 0.44808
score(878308): 0.53363
score(881994): 0.23491
score(886370): 0.04979
score(899153): 0.04979
score(903425): 0.04979
score(910951): 0.09957
score(922730): 0.83235
score(926632): 0.3983
score(934539): 0.04979
score(948660): 0.54766
score(965099): 0.04979
score(984480): 0.04979
score(1024350): 0.38427
score(1056214): 0.04979
score(1078491): 0.14936
score(1090536): 0.63321
score(1103908): 0.04979
score(1173690): 0.04979
score(1231197): 0.04979
score(1364197): 0.04979
score(1439723): 0.04979
score(1718977): 0.04979
