score(1705): 0.04979
score(2172): 0.04979
score(2363): 0.04979
score(4144): 0.04979
score(4864): 0.04979
score(9102): 0.04979
score(26376): 0.04979
score(28574): 0.09957
score(57489): 0.53363
score(108792): 0.04979
score(110093): 2.71163
score(115130): 0.09957
score(123755): 0.04979
score(124018): 0.33448
score(152538): 0.09957
score(152539): 0.09957
score(152783): 0.38427
score(157198): 0.04979
score(200029): 0.04979
score(225039): 0.04979
score(265533): 0.13534
score(265599): 0.04979
score(322609): 0.04979
score(355738): 0.23491
score(387803): 0.2847
score(433222): 0.04979
score(455563): 0.04979
score(501729): 0.04979
score(531453): 0.43406
score(534373): 0.38427
score(556099): 0.23491
