score(469): 0.04979
score(1705): 0.04979
score(2176): 0.04979
score(2363): 0.04979
score(4144): 0.04979
score(4864): 0.04979
score(8497): 0.04979
score(9102): 0.34851
score(26376): 0.09957
score(28574): 0.19915
score(41666): 0.04979
score(57490): 0.83235
score(65342): 0.04979
score(108793): 0.09957
score(110094): 6.19812
score(115131): 0.04979
score(123757): 0.38427
score(124020): 0.33448
score(125134): 0.04979
score(132384): 0.14936
score(152540): 0.43406
score(152541): 0.43406
score(152785): 0.38427
score(157200): 0.09957
score(200032): 0.04979
score(202398): 0.04979
score(225042): 0.04979
score(265536): 0.23491
score(266710): 0.04979
score(291591): 0.04979
score(322612): 0.04979
score(355741): 0.2847
score(357150): 0.09957
score(368463): 0.04979
score(387806): 0.33448
score(431206): 0.04979
score(433225): 0.04979
score(455566): 0.04979
score(489568): 0.09957
score(493645): 0.04979
score(501732): 0.09957
score(512223): 0.14936
score(531456): 0.68299
score(534376): 0.63321
score(595180): 0.04979
score(597941): 0.24894
score(706047): 0.2847
score(737632): 0.04979
score(739885): 0.33448
score(760241): 0.04979
score(768122): 0.04979
score(780249): 0.04979
score(784238): 0.43406
score(790261): 0.29872
score(792534): 0.04979
score(810653): 0.04979
score(844285): 0.33448
score(861819): 0.09957
score(881993): 0.23491
score(899152): 0.04979
score(922729): 0.04979
