score(16): 0.07326
score(1186): 0.03663
score(1705): 0.01832
score(2172): 0.45789
score(2302): 0.01832
score(2309): 0.03663
score(2310): 0.03663
score(2313): 0.03663
score(2344): 0.01832
score(2347): 0.01832
score(2357): 0.01832
score(2445): 0.01832
score(4278): 0.01832
score(4281): 0.78757
score(4290): 0.01832
score(4864): 0.01832
score(6718): 0.01832
score(7383): 0.01832
score(7872): 0.01832
score(8145): 0.03663
score(9998): 0.03663
score(10213): 0.03663
score(19733): 0.01832
score(25640): 0.01832
score(26072): 0.01832
score(26091): 0.01832
score(29892): 0.01832
score(30166): 0.01832
score(32680): 0.01832
score(35896): 0.01832
score(36315): 0.01832
score(36585): 0.03663
score(39778): 0.01832
score(41662): 0.05495
score(49331): 0.09158
score(57489): 0.49932
score(78365): 0.01832
score(109154): 0.01832
score(110093): 1.30521
score(123858): 0.01832
score(124018): 0.04979
score(152538): 0.0681
score(152539): 0.0681
score(152783): 0.04979
score(161504): 0.01832
score(161920): 0.01832
score(269129): 0.01832
score(277158): 0.03663
score(322608): 0.07326
score(334325): 0.14653
score(335787): 0.01832
score(337327): 0.01832
score(337383): 0.01832
score(337443): 0.01832
score(338049): 0.01832
score(339556): 0.03663
score(340358): 0.01832
score(340828): 0.01832
score(340892): 0.01832
