score(57489): 0.33448
score(108792): 0.04979
score(110093): 0.33448
score(152538): 0.04979
score(152539): 0.04979
score(152783): 0.04979
