score(1705): 0.04979
score(2176): 0.04979
score(2363): 0.04979
score(4144): 0.04979
score(4864): 0.04979
score(8497): 0.04979
score(9102): 0.19915
score(26376): 0.04979
score(28574): 0.09957
score(57490): 0.73278
score(108793): 0.09957
score(110094): 4.09935
score(115131): 0.04979
score(123757): 0.04979
score(124020): 0.33448
score(152540): 0.43406
score(152541): 0.43406
score(152785): 0.38427
score(157200): 0.09957
score(200032): 0.04979
score(225042): 0.04979
score(265536): 0.18512
score(322612): 0.04979
score(355741): 0.23491
score(387806): 0.2847
score(433225): 0.04979
score(455566): 0.04979
score(489568): 0.04979
score(493645): 0.04979
score(501732): 0.04979
score(512223): 0.09957
score(531456): 0.48384
score(534376): 0.53363
score(595180): 0.04979
score(597941): 0.2847
score(706047): 0.23491
score(739885): 0.23491
score(752442): 0.04979
score(753620): 0.09957
