score(41): 0.09957
score(431): 0.09957
score(3413): 0.09957
score(4428): 0.04979
score(4464): 0.14936
score(5936): 0.14936
score(5956): 0.04979
score(6476): 1.08129
score(6506): 0.04979
score(6507): 0.14936
score(6537): 0.14936
score(6563): 0.34851
score(7080): 0.29872
score(7189): 7.91893
score(9680): 0.04979
score(10518): 0.04979
score(20664): 0.53363
score(23576): 0.34851
score(28664): 0.09957
score(31580): 0.04979
score(37983): 0.14936
score(38019): 0.04979
score(42909): 0.04979
score(45155): 0.09957
score(50289): 0.04979
score(50527): 0.04979
score(54486): 0.83235
score(64985): 0.14936
score(74699): 0.14936
score(84222): 0.04979
score(96889): 0.83235
score(96905): 0.48384
score(104974): 0.04979
score(121593): 0.04979
score(139213): 0.18512
score(140935): 0.34851
score(143509): 0.04979
score(146235): 0.98172
score(158881): 0.73278
score(200282): 0.88214
score(203156): 0.78257
score(298205): 0.19915
score(309695): 0.04979
score(312359): 0.09957
score(354473): 0.09957
score(393485): 0.34851
score(452620): 0.04979
score(743242): 1.13108
score(743436): 0.04979
score(744112): 0.04979
score(801165): 0.2847
score(908496): 0.23491
score(931443): 0.04979
score(943651): 0.19915
score(1458083): 0.13534
score(2413748): 0.04979
