score(41): 0.03663
score(110): 0.03663
score(338): 0.03663
score(907): 0.01832
score(928): 0.01832
score(1354): 0.20147
score(1368): 0.01832
score(1438): 0.07326
score(1445): 0.03663
score(1462): 0.01832
score(1491): 0.01832
score(1554): 0.14653
score(1597): 0.01832
score(1607): 0.30621
score(1669): 0.03663
score(1671): 0.27473
score(1674): 0.01832
score(1675): 0.10989
score(1676): 0.12821
score(1677): 0.05495
score(2037): 0.01832
score(2068): 0.01832
score(2112): 0.03663
score(2115): 0.01832
score(2181): 0.01832
score(2198): 0.03663
score(2208): 0.01832
score(2218): 0.01832
score(2273): 0.01832
score(2292): 0.01832
score(2390): 0.01832
score(3051): 0.03663
score(3413): 0.18316
score(3899): 0.03663
score(4428): 0.25126
score(4464): 0.10989
score(4733): 0.03663
score(4753): 0.01832
score(5173): 0.01832
score(5406): 0.07326
score(5936): 0.01832
score(6364): 1.53619
score(6476): 3.56138
score(6506): 0.01832
score(6507): 0.23294
score(6537): 0.178
score(6563): 1.16988
score(6918): 0.01832
score(6994): 0.01832
score(6996): 0.01832
score(7080): 1.1169
score(7189): 24.62402
score(7236): 0.01832
score(7597): 0.01832
score(7715): 0.07326
score(8261): 0.03663
score(8833): 0.01832
score(8862): 0.01832
score(8932): 0.19631
score(9451): 0.01832
score(9844): 0.03663
score(11007): 0.03663
score(11503): 0.03663
score(12384): 0.01832
score(12498): 0.03663
score(13257): 0.03663
score(14799): 0.01832
score(17598): 0.20147
score(18727): 0.01832
score(21476): 0.01832
score(21784): 0.23294
score(22284): 0.03663
score(23352): 0.01832
score(23413): 0.01832
score(23576): 6.92965
score(23660): 0.05495
score(23671): 0.36115
score(23682): 0.01832
score(26288): 0.86367
score(26537): 0.01832
score(31580): 0.25126
score(31784): 0.07326
score(31805): 0.03663
score(36768): 0.03663
score(37983): 0.65704
score(38237): 0.0681
score(39165): 0.01832
score(43095): 0.28789
score(45155): 0.41094
score(50465): 0.01832
score(50527): 0.05495
score(52811): 0.05495
score(53690): 0.01832
score(54486): 4.82284
score(64820): 0.01832
score(64985): 0.12821
score(65171): 0.01832
score(65871): 0.01832
score(67767): 0.05495
score(69039): 0.01832
score(74713): 0.01832
score(80563): 0.12821
score(84182): 0.03663
score(84222): 0.28789
score(86004): 0.01832
score(90533): 0.03663
score(96888): 0.19115
score(96889): 4.22358
score(96905): 2.42298
score(96985): 0.28789
score(99761): 0.01832
score(109579): 0.01832
score(121592): 0.05495
score(133293): 0.01832
score(138517): 0.03663
score(139211): 0.07326
score(140925): 2.17491
score(140933): 3.54307
score(146233): 4.60821
score(155595): 0.01832
score(158879): 3.72107
score(166893): 0.01832
score(175863): 0.03663
score(176635): 0.01832
score(191306): 0.01832
score(200244): 0.03663
score(200279): 4.45653
score(200282): 4.00896
score(202779): 0.95009
score(203153): 3.66612
score(211041): 0.01832
score(219291): 0.01832
score(229532): 0.01832
score(230466): 0.01832
score(243916): 0.03663
score(261790): 0.01832
score(298202): 1.16988
score(309692): 0.34284
score(312356): 0.45273
score(354496): 0.0681
score(380642): 0.15968
score(380975): 0.03663
score(381070): 0.27473
