score(5941): 0.13534
score(6349): 0.04979
score(6461): 0.2847
score(6492): 0.04979
score(6901): 0.04979
score(7169): 0.46982
score(26257): 0.09957
