score(41): 0.14936
score(431): 0.09957
score(3413): 0.04979
score(4428): 0.04979
score(5936): 0.09957
score(6364): 0.19915
score(6476): 1.23065
score(6507): 0.09957
score(6537): 0.09957
score(6563): 0.68299
score(6918): 0.04979
score(7080): 0.43406
score(7189): 11.39771
score(9680): 0.09957
score(10579): 0.04979
score(22284): 0.04979
score(23576): 1.52937
score(26288): 0.49787
score(28664): 0.04979
score(31580): 0.04979
score(31805): 0.18512
score(37983): 0.24894
score(38019): 0.04979
score(42909): 0.04979
score(43095): 0.09957
score(45155): 0.14936
score(54486): 1.28044
score(64985): 0.14936
score(65171): 0.19915
score(84222): 0.04979
score(96889): 1.28044
score(96905): 0.73278
score(104974): 0.04979
score(121592): 0.18512
score(138517): 0.09957
score(139211): 0.13534
score(140925): 0.3983
score(140933): 1.08129
score(143507): 0.04979
score(146233): 1.08129
score(158879): 0.93193
score(200279): 1.18086
score(200281): 0.04979
score(200282): 1.08129
score(202779): 0.19915
score(203153): 0.98172
score(211041): 0.04979
score(298202): 0.29872
score(309692): 0.04979
score(312356): 0.14936
score(393482): 0.43406
score(415255): 0.04979
score(452616): 0.19915
score(743238): 1.33022
score(743432): 0.14936
score(744108): 0.04979
score(801161): 0.04979
