score(1607): 0.04979
score(4428): 0.04979
score(6364): 0.19915
score(6476): 0.83235
score(6507): 0.04979
score(6537): 0.04979
score(6563): 0.19915
score(7080): 0.38427
score(7189): 7.4989
score(8932): 0.04979
score(21784): 0.04979
score(23576): 1.38001
score(23671): 0.04979
score(26288): 0.14936
score(31580): 0.04979
score(37983): 0.19915
score(38237): 0.04979
score(43095): 0.04979
score(45155): 0.09957
score(54486): 1.0315
score(84222): 0.04979
score(96888): 0.09957
score(96889): 0.98172
score(96905): 0.68299
score(96985): 0.04979
score(140925): 0.3983
score(140933): 0.83235
score(146233): 0.98172
score(158879): 0.88214
score(200279): 1.0315
score(200282): 0.93193
score(202779): 0.19915
score(203153): 0.88214
score(298202): 0.19915
score(309692): 0.04979
score(312356): 0.04979
score(354496): 0.04979
score(380642): 0.04979
