score(4424): 0.04979
score(5951): 0.13534
score(6359): 0.09957
score(6471): 0.33448
score(6502): 0.04979
score(6913): 0.04979
score(7073): 0.23491
score(7182): 0.88985
score(37920): 0.04979
score(54375): 0.13534
score(73510): 0.09957
