score(41): 0.04979
score(431): 0.09957
score(3413): 0.04979
score(4428): 0.04979
score(4464): 0.09957
score(5936): 0.09957
score(6476): 1.23065
score(6507): 0.09957
score(6537): 0.14936
score(6563): 0.34851
score(6918): 0.04979
score(7080): 0.24894
score(7189): 11.19856
score(9680): 0.04979
score(13257): 0.04979
score(20664): 0.93193
score(23576): 1.47959
score(28664): 0.04979
score(31580): 0.09957
score(37983): 0.19915
score(38019): 0.04979
score(42909): 0.04979
score(43095): 0.09957
score(45155): 0.14936
score(50289): 0.04979
score(50527): 0.04979
score(54486): 1.23065
score(64985): 0.14936
score(74699): 0.14936
score(84222): 0.04979
score(96889): 1.23065
score(96905): 0.78257
score(104974): 0.04979
score(121593): 0.04979
score(139212): 0.13534
score(140934): 1.13108
score(143127): 0.04979
score(143508): 0.04979
score(146234): 1.23065
score(158880): 0.93193
score(200280): 1.08129
score(200283): 1.08129
score(202780): 0.19915
score(203154): 0.93193
score(298203): 0.24894
score(300281): 0.13534
score(309693): 0.04979
score(312357): 0.09957
score(393483): 0.29872
score(452617): 0.14936
score(733188): 0.04979
score(743239): 0.29872
score(743433): 0.83235
score(801162): 0.33448
score(908493): 0.23491
score(931440): 0.04979
score(943648): 0.04979
score(2307107): 0.73278
