score(41): 0.09957
score(431): 0.09957
score(3413): 0.09957
score(4428): 0.04979
score(4464): 0.19915
score(5936): 0.14936
score(5956): 0.04979
score(6476): 1.08129
score(6506): 0.04979
score(6507): 0.14936
score(6537): 0.24894
score(6563): 0.49787
score(7080): 0.29872
score(7189): 8.36701
score(9680): 0.04979
score(10518): 0.04979
score(13257): 0.09957
score(20664): 0.53363
score(23576): 0.34851
score(28664): 0.09957
score(31580): 0.04979
score(37983): 0.19915
score(38019): 0.04979
score(42909): 0.04979
score(45155): 0.14936
score(50289): 0.04979
score(50527): 0.04979
score(54486): 0.83235
score(64985): 0.14936
score(74699): 0.14936
score(84222): 0.04979
score(96888): 0.09957
score(96889): 0.88214
score(96905): 0.53363
score(104974): 0.04979
score(121593): 0.09957
score(139213): 0.18512
score(140935): 0.34851
score(143509): 0.04979
score(146235): 0.98172
score(158881): 0.73278
score(200282): 0.88214
score(203156): 0.78257
score(298205): 0.19915
score(309695): 0.09957
score(312359): 0.09957
score(354474): 0.09957
score(393486): 0.34851
score(452621): 0.04979
score(743243): 1.13108
score(743437): 0.04979
score(744113): 0.04979
score(801166): 0.33448
score(908497): 0.23491
score(931444): 0.04979
score(943652): 0.24894
score(1458085): 0.13534
score(2413750): 0.04979
