score(1542): 0.01832
score(1554): 0.03663
score(1674): 0.01832
score(3407): 0.01832
score(4456): 0.03663
score(5162): 0.03663
score(5922): 0.01832
score(5941): 0.28186
score(6314): 0.01832
score(6349): 0.0681
score(6367): 0.01832
score(6461): 0.44954
score(6492): 0.04979
score(6522): 0.05495
score(6626): 0.01832
score(6901): 0.0681
score(7169): 0.72624
score(7217): 0.01832
score(13205): 0.01832
score(14580): 0.01832
score(16658): 0.01832
score(22167): 0.01832
score(26257): 0.13621
