score(41): 0.04979
score(431): 0.09957
score(3413): 0.09957
score(4428): 0.04979
score(4464): 0.14936
score(5936): 0.09957
score(6476): 0.98172
score(6506): 0.04979
score(6507): 0.09957
score(6537): 0.14936
score(6563): 0.34851
score(7080): 0.29872
score(7189): 7.20018
score(9680): 0.04979
score(10518): 0.04979
score(13257): 0.04979
score(20664): 0.63321
score(23576): 0.29872
score(28664): 0.09957
score(31580): 0.04979
score(37983): 0.14936
score(38019): 0.04979
score(42909): 0.04979
score(50289): 0.04979
score(50527): 0.04979
score(54486): 0.78257
score(64985): 0.14936
score(74699): 0.14936
score(84222): 0.04979
score(96889): 0.83235
score(96905): 0.43406
score(104974): 0.04979
score(121593): 0.04979
score(139212): 0.18512
score(140934): 0.34851
score(143508): 0.04979
score(146234): 0.98172
score(158880): 0.73278
score(200280): 0.83235
score(203154): 0.78257
score(298203): 0.24894
score(309693): 0.04979
score(312357): 0.04979
score(354471): 0.09957
score(393483): 0.34851
score(452617): 0.04979
score(743239): 0.24894
score(743433): 0.58342
score(801162): 0.14936
score(908493): 0.23491
score(931440): 0.04979
score(943648): 0.14936
score(2413743): 0.04979
