score(1607): 0.04979
score(4428): 0.04979
score(5956): 0.23491
score(6364): 0.19915
score(6476): 0.33448
score(6507): 0.04979
score(6563): 0.09957
score(7080): 0.33448
score(7189): 2.17563
score(8932): 0.04979
score(23576): 0.24894
score(23671): 0.04979
score(37983): 0.04979
score(54485): 0.33448
score(96888): 0.18512
score(96904): 0.18512
score(140924): 0.14936
score(140932): 0.04979
score(146232): 0.04979
score(158878): 0.09957
