score(41): 0.19915
score(3413): 0.04979
score(4428): 0.04979
score(6364): 0.19915
score(6476): 0.98172
score(6507): 0.09957
score(6537): 0.04979
score(6563): 0.29872
score(6918): 0.04979
score(7080): 0.33448
score(7189): 8.49464
score(9680): 0.04979
score(10784): 0.04979
score(21784): 0.04979
score(22284): 0.04979
score(23576): 1.4298
score(23671): 0.04979
score(26288): 0.29872
score(31580): 0.04979
score(37983): 0.19915
score(38237): 0.04979
score(43095): 0.09957
score(45155): 0.14936
score(54486): 1.08129
score(84222): 0.04979
score(96888): 0.09957
score(96889): 1.23065
score(96905): 0.68299
score(104974): 0.04979
score(138517): 0.09957
score(140925): 0.3983
score(140933): 0.93193
score(146233): 1.0315
score(158879): 0.88214
score(200279): 1.08129
score(200281): 0.04979
score(200282): 1.0315
score(202779): 0.19915
score(203153): 0.93193
score(298202): 0.19915
score(309692): 0.04979
score(312356): 0.09957
score(354496): 0.04979
score(393482): 0.04979
score(415255): 0.04979
score(452616): 0.19915
