score(41): 0.01832
score(110): 0.03663
score(338): 0.01832
score(1462): 0.05495
score(1491): 0.01832
score(1554): 0.21979
score(1597): 0.03663
score(1607): 0.08642
score(1669): 0.03663
score(1671): 0.21979
score(1672): 0.01832
score(1674): 0.03663
score(1675): 0.05495
score(1676): 0.01832
score(2062): 0.01832
score(2091): 0.05495
score(2112): 0.03663
score(2115): 0.01832
score(2126): 0.01832
score(2173): 0.01832
score(2174): 0.01832
score(2181): 0.01832
score(2198): 0.03663
score(2215): 0.01832
score(2218): 0.01832
score(2273): 0.01832
score(2292): 0.01832
score(3413): 0.05495
score(4428): 0.15968
score(4464): 0.10989
score(4733): 0.03663
score(5173): 0.03663
score(5406): 0.03663
score(5936): 0.03663
score(5956): 0.80269
score(6329): 0.01832
score(6364): 0.89514
score(6382): 0.01832
score(6476): 1.19532
score(6506): 0.01832
score(6507): 0.08642
score(6537): 0.10989
score(6563): 0.35599
score(7080): 0.7008
score(7189): 5.0695
score(7219): 0.01832
score(7236): 0.01832
score(8261): 0.03663
score(8833): 0.01832
score(8932): 0.08642
score(9844): 0.07326
score(12374): 0.01832
score(12384): 0.03663
score(13257): 0.03663
score(14643): 0.01832
score(16735): 0.01832
score(17598): 0.12821
score(21476): 0.01832
score(22284): 0.10989
score(23576): 0.85335
score(23660): 0.01832
score(23671): 0.21463
score(24022): 0.03663
score(26288): 0.01832
score(31580): 0.01832
score(31784): 0.09158
score(31805): 0.03663
score(36768): 0.01832
score(37983): 0.14137
score(50526): 0.05495
score(52810): 0.05495
score(54485): 0.82901
score(64984): 0.07326
score(65170): 0.01832
score(65870): 0.01832
score(80562): 0.01832
score(83644): 0.01832
score(88351): 0.01832
score(96888): 0.20344
score(96904): 0.31333
score(121591): 0.03663
score(133292): 0.01832
score(138516): 0.01832
score(139210): 0.07326
score(140924): 0.46073
score(140932): 0.25126
score(146232): 0.28789
score(155594): 0.01832
score(158878): 0.44757
score(159820): 0.01832
score(160184): 0.01832
score(175862): 0.03663
score(176635): 0.01832
score(195195): 0.14653
score(195459): 0.07326
