score(41): 0.04979
score(431): 0.09957
score(3413): 0.04979
score(4428): 0.04979
score(5936): 0.09957
score(6476): 1.18086
score(6507): 0.09957
score(6537): 0.04979
score(6563): 0.24894
score(6918): 0.04979
score(7080): 0.43406
score(7189): 9.98193
score(9680): 0.04979
score(20664): 0.59744
score(23576): 1.38001
score(31580): 0.09957
score(31805): 0.18512
score(37983): 0.24894
score(38019): 0.04979
score(42909): 0.04979
score(43095): 0.09957
score(45155): 0.14936
score(54486): 1.23065
score(64985): 0.14936
score(84222): 0.04979
score(96889): 1.23065
score(96905): 0.73278
score(121592): 0.04979
score(139211): 0.13534
score(140933): 1.08129
score(143507): 0.04979
score(146233): 1.13108
score(158879): 0.93193
score(200279): 1.08129
score(200281): 0.04979
score(200282): 1.08129
score(202779): 0.19915
score(203153): 0.88214
score(298202): 0.24894
score(309692): 0.04979
score(312356): 0.14936
score(393482): 0.38427
score(452616): 0.19915
score(743238): 1.13108
score(743432): 0.14936
score(744108): 0.04979
score(801161): 0.04979
