score(110): 0.01832
score(338): 0.01832
score(1462): 0.03663
score(1491): 0.01832
score(1542): 0.01832
score(1554): 0.07326
score(1671): 0.01832
score(1674): 0.01832
score(1675): 0.03663
score(2112): 0.01832
score(2215): 0.01832
score(2218): 0.01832
score(2273): 0.01832
score(3410): 0.07326
score(4424): 0.08642
score(4460): 0.07326
score(4729): 0.01832
score(5169): 0.03663
score(5932): 0.01832
score(5951): 0.39175
score(6324): 0.01832
score(6359): 0.17284
score(6377): 0.01832
score(6471): 0.66417
score(6502): 0.0681
score(6532): 0.07326
score(6636): 0.01832
score(6913): 0.10473
score(7073): 0.36312
score(7182): 1.60416
score(9833): 0.01832
score(12360): 0.01832
score(14624): 0.01832
score(16712): 0.01832
score(17572): 0.03663
score(21755): 0.01832
score(22253): 0.01832
score(23988): 0.01832
score(31731): 0.05495
score(31752): 0.03663
score(37920): 0.0681
score(50430): 0.01832
score(52705): 0.03663
score(54375): 0.22691
score(73510): 0.22778
score(73677): 0.01832
