score(87): 0.14936
score(470): 0.04979
score(725): 0.29872
score(1857): 0.14936
score(2477): 0.04979
score(2610): 0.09957
score(2611): 0.04979
score(2613): 0.09957
score(3672): 0.04979
score(3837): 0.04979
score(5299): 0.3983
score(5458): 0.78257
score(5477): 0.93193
score(5478): 0.73278
score(5481): 0.29872
score(5486): 0.19915
score(5512): 0.78257
score(5513): 0.24894
score(5522): 0.58342
score(5524): 0.14936
score(5530): 0.24894
score(5605): 0.78257
score(5607): 0.19915
score(5681): 0.04979
score(6448): 0.04979
score(10324): 0.04979
score(12999): 0.19915
score(14181): 0.53363
score(14924): 0.09957
score(19365): 0.04979
score(19424): 0.53363
score(19470): 9.29262
score(21371): 0.04979
score(26187): 0.19915
score(26264): 0.48384
score(30706): 0.58342
score(31238): 0.29872
score(31331): 0.04979
score(31819): 0.19915
score(31890): 0.14936
score(34268): 0.09957
score(40002): 0.53363
score(54856): 0.04979
score(66780): 0.19915
score(72032): 0.04979
score(79504): 0.18512
score(80312): 0.13534
score(82491): 0.09957
score(98714): 0.04979
score(99593): 0.04979
score(100720): 0.04979
score(144174): 0.04979
score(152076): 0.63321
score(158059): 0.2847
score(238349): 0.04979
score(242211): 0.09957
score(245561): 0.18512
score(269756): 0.04979
score(284864): 0.33448
score(284869): 0.23491
score(292735): 0.23491
score(358992): 0.04979
score(416189): 0.04979
score(439544): 0.14936
score(463417): 0.09957
score(546416): 0.04979
score(578421): 0.19915
score(596885): 0.24894
score(634615): 0.04979
score(705397): 0.04979
score(717013): 0.24894
score(718529): 0.14936
score(718530): 0.04979
