score(725): 0.19915
score(1857): 0.09957
score(2610): 0.04979
score(2611): 0.04979
score(2613): 0.09957
score(2794): 0.09957
score(3837): 0.04979
score(5299): 0.29872
score(5458): 0.14936
score(5477): 0.68299
score(5478): 0.53363
score(5512): 0.73278
score(5513): 0.19915
score(5522): 0.53363
score(5524): 0.09957
score(5530): 0.14936
score(5547): 0.04979
score(5605): 0.58342
score(5607): 0.09957
score(5681): 0.04979
score(6213): 0.04979
score(6448): 0.04979
score(12999): 0.24894
score(14181): 0.33448
score(19365): 0.04979
score(19424): 0.48384
score(19470): 5.30827
score(26187): 0.14936
score(26264): 0.04979
score(30706): 0.48384
score(31238): 0.09957
score(31819): 0.19915
score(31890): 0.09957
score(48705): 0.04979
score(62072): 0.04979
score(82491): 0.04979
score(144174): 0.04979
score(152076): 0.43406
score(158059): 0.04979
score(242211): 0.04979
score(245561): 0.18512
score(269756): 0.04979
score(269965): 0.04979
score(284864): 0.33448
score(284869): 0.23491
score(292735): 0.09957
score(358992): 0.04979
score(414014): 0.09957
score(415715): 0.04979
