score(725): 0.19915
score(769): 0.04979
score(2794): 0.04979
score(5458): 0.09957
score(5477): 0.48384
score(5478): 0.2847
score(5512): 0.53363
score(5513): 0.09957
score(5522): 0.43406
score(5524): 0.09957
score(5530): 0.09957
score(5605): 0.2847
score(5607): 0.09957
score(14177): 0.04979
score(19415): 0.23491
score(19461): 2.2916
score(26175): 0.09957
score(26252): 0.04979
score(30691): 0.33448
score(65779): 0.04979
