score(725): 0.14936
score(1857): 0.04979
score(2794): 0.09957
score(5458): 0.14936
score(5477): 0.53363
score(5478): 0.33448
score(5512): 0.58342
score(5513): 0.14936
score(5522): 0.43406
score(5524): 0.09957
score(5530): 0.09957
score(5547): 0.04979
score(5605): 0.2847
score(5607): 0.09957
score(6448): 0.04979
score(7067): 0.04979
score(12999): 0.14936
score(14181): 0.04979
score(19336): 0.04979
score(19365): 0.04979
score(19424): 0.2847
score(19470): 3.47781
score(26187): 0.14936
score(30706): 0.43406
score(31238): 0.04979
score(48705): 0.04979
score(144174): 0.04979
score(152076): 0.23491
score(244615): 0.04979
score(245649): 0.18512
