score(725): 0.34996
score(769): 0.10473
score(826): 0.14653
score(2071): 0.05495
score(2744): 0.01832
score(2794): 0.15968
score(5301): 0.01832
score(5458): 0.03663
score(5466): 0.01832
score(5477): 0.10989
score(5478): 0.07326
score(5599): 0.03663
score(5601): 0.01832
score(5605): 0.14653
score(5867): 0.03663
score(5885): 0.01832
score(14169): 0.10989
score(14908): 0.03663
score(17611): 0.01832
score(19398): 0.24523
score(19444): 0.82814
score(19662): 0.01832
score(25758): 0.0681
