score(470): 0.04979
score(725): 0.29872
score(1857): 0.14936
score(2477): 0.09957
score(2610): 0.14936
score(2611): 0.09957
score(2613): 0.09957
score(2614): 0.04979
score(3672): 0.04979
score(3837): 0.04979
score(4304): 0.04979
score(5299): 0.3983
score(5458): 0.78257
score(5477): 1.0315
score(5478): 0.88214
score(5481): 0.3983
score(5486): 0.29872
score(5512): 1.0315
score(5513): 0.24894
score(5522): 0.73278
score(5524): 0.14936
score(5530): 0.24894
score(5605): 0.83235
score(5607): 0.19915
score(5681): 0.04979
score(5735): 0.34851
score(6448): 0.04979
score(10324): 0.04979
score(11740): 0.04979
score(11748): 0.09957
score(12635): 0.34851
score(12638): 0.04979
score(12999): 0.49787
score(14181): 0.58342
score(17437): 0.34851
score(19365): 0.04979
score(19424): 0.78257
score(19470): 13.19143
score(21371): 0.04979
score(26187): 0.24894
score(26264): 1.0315
score(30250): 0.04979
score(30706): 0.58342
score(31238): 0.34851
score(31331): 0.04979
score(31890): 0.04979
score(32231): 0.43406
score(34268): 0.09957
score(40002): 0.58342
score(54856): 0.04979
score(66780): 0.19915
score(72032): 0.04979
score(79504): 0.23491
score(80312): 0.18512
score(82491): 0.04979
score(82998): 0.04979
score(98714): 0.04979
score(99593): 0.04979
score(100720): 0.04979
score(152076): 0.78257
score(158059): 0.33448
score(238349): 0.09957
score(242211): 0.19915
score(245561): 0.18512
score(269756): 0.04979
score(284864): 0.33448
score(284869): 0.23491
score(292735): 0.2847
score(358992): 0.38427
score(416189): 0.04979
score(439544): 0.24894
score(463417): 0.14936
score(546416): 0.04979
score(573494): 0.04979
score(578421): 0.19915
score(596885): 0.19915
score(634615): 0.04979
score(705397): 0.04979
score(737751): 0.38427
score(738051): 0.83235
score(739592): 0.14936
score(742411): 0.38427
score(762406): 0.04979
score(773838): 0.04979
score(800046): 0.29872
score(814406): 0.19915
score(851389): 0.48384
score(851390): 0.04979
