score(725): 0.49787
score(1643): 0.19915
score(2044): 0.14936
score(2477): 0.04979
score(2613): 0.09957
score(3672): 0.09957
score(3837): 0.04979
score(4304): 0.09957
score(5458): 0.73278
score(5477): 0.78257
score(5478): 0.58342
score(5481): 0.24894
score(5486): 0.29872
score(5512): 0.48384
score(5513): 0.19915
score(5522): 0.43406
score(5524): 0.19915
score(5530): 0.19915
score(5605): 0.63321
score(5607): 0.09957
score(5681): 0.09957
score(5735): 0.59744
score(6448): 0.09957
score(10324): 0.04979
score(11740): 0.04979
score(11748): 0.09957
score(12635): 1.0315
score(12999): 0.29872
score(14181): 0.78257
score(17437): 0.54766
score(19424): 1.0315
score(19470): 17.42473
score(20511): 0.04979
score(21371): 0.14936
score(23727): 0.04979
score(24041): 0.04979
score(26187): 0.19915
score(26234): 0.04979
score(26264): 1.09532
score(26433): 0.04979
score(28157): 0.14936
score(30250): 0.04979
score(30706): 0.68299
score(31238): 0.3983
score(31331): 0.04979
score(31890): 0.04979
score(32231): 0.48384
score(34268): 0.14936
score(35268): 0.04979
score(40002): 0.73278
score(45706): 0.04979
score(54856): 0.04979
score(66780): 0.24894
score(67858): 0.09957
score(69711): 0.43406
score(70313): 0.14936
score(72032): 0.09957
score(79504): 0.38427
score(80312): 0.2847
score(82998): 0.14936
score(98714): 0.04979
score(99593): 0.14936
score(152076): 0.98172
score(158059): 0.38427
score(160681): 0.44808
score(167566): 0.04979
score(178259): 0.19915
score(238349): 0.09957
score(242211): 0.09957
score(245561): 0.09957
score(245621): 0.43406
score(256657): 0.04979
score(269756): 0.04979
score(269965): 0.09957
score(272416): 0.13534
score(284219): 0.04979
score(284864): 0.33448
score(284869): 0.2847
score(292735): 0.2847
score(358992): 0.38427
score(376217): 0.04979
score(410545): 0.04979
score(416189): 0.04979
score(439544): 0.44808
score(463417): 0.14936
score(546416): 0.04979
score(573495): 0.09957
score(578422): 0.19915
score(596886): 0.24894
score(662531): 0.48384
score(705399): 0.09957
score(737753): 0.58342
score(737853): 0.78257
score(738053): 0.93193
score(739594): 0.73278
score(742413): 0.38427
score(762408): 0.04979
score(773840): 0.09957
score(800048): 0.14936
score(814408): 0.24894
score(842984): 0.04979
score(938056): 0.04979
score(979664): 0.43406
score(1233733): 0.04979
score(1266334): 0.04979
score(1364227): 1.18086
score(1364229): 0.78257
score(1472888): 0.04979
score(1582149): 0.04979
