score(725): 0.18512
score(769): 0.04979
score(2794): 0.04979
score(19398): 0.13534
score(19444): 0.37024
score(25758): 0.04979
