score(23): 0.09957
score(369): 0.78257
score(458): 0.63321
score(729): 0.34851
score(994): 0.14936
score(1004): 0.04979
score(5541): 0.04979
score(5640): 0.19915
score(6216): 0.09957
score(6444): 1.13108
score(6448): 0.2847
score(7373): 0.48384
score(7392): 0.69702
score(7533): 0.64723
score(7617): 0.34851
score(7689): 0.04979
score(8520): 21.7335
score(9106): 0.04979
score(9449): 0.19915
score(11386): 0.19915
score(12062): 0.09957
score(12390): 0.04979
score(13742): 0.24894
score(14353): 0.14936
score(15885): 0.24894
score(25717): 0.88214
score(25888): 1.18086
score(26913): 0.09957
score(27369): 0.04979
score(32510): 0.14936
score(32810): 0.68299
score(32811): 0.83235
score(33351): 0.19915
score(34818): 1.0315
score(38768): 0.09957
score(39780): 0.58342
score(43878): 0.79659
score(44441): 0.04979
score(45843): 0.04979
score(47926): 0.04979
score(47927): 0.14936
score(48498): 0.04979
score(53083): 0.34851
score(59021): 0.09957
score(59095): 0.04979
score(61220): 0.64723
score(70579): 0.04979
score(78990): 0.04979
score(82785): 0.29872
score(83119): 0.09957
score(85025): 0.53363
score(92546): 0.04979
score(95174): 0.58342
score(95567): 0.04979
score(95891): 1.4298
score(102588): 0.04979
score(121037): 0.19915
score(123146): 0.24894
score(128136): 0.68299
score(130587): 0.68299
score(131467): 0.09957
score(132259): 0.09957
score(135378): 0.14936
score(138928): 0.04979
score(140820): 0.09957
score(142714): 0.04979
score(145135): 0.04979
score(147847): 0.14936
score(147848): 0.04979
score(163133): 0.04979
score(163204): 0.19915
score(165804): 0.04979
score(174446): 0.09957
score(180681): 0.04979
score(182685): 0.04979
score(183356): 0.43406
score(187596): 0.04979
score(196776): 0.24894
score(224526): 0.04979
score(266014): 0.09957
score(282088): 0.78257
score(287129): 0.09957
score(308679): 0.33448
score(324596): 0.04979
score(331074): 0.63321
score(332515): 0.04979
score(334665): 0.04979
score(346597): 0.58342
score(347649): 0.73278
score(355009): 0.09957
score(371418): 0.04979
score(389307): 0.38427
score(419841): 0.09957
score(440984): 0.04979
score(490452): 0.04979
score(542020): 0.44808
score(568063): 0.14936
score(569843): 0.24894
score(570198): 0.78257
score(626375): 0.04979
score(686650): 0.04979
score(687560): 0.73278
score(702137): 0.2847
score(703513): 0.44808
score(706219): 0.04979
score(741075): 0.04979
score(745637): 0.43406
score(757357): 0.04979
score(768814): 0.04979
score(792336): 0.09957
score(811132): 0.04979
score(815455): 0.04979
score(841605): 0.09957
score(841655): 1.23065
score(841748): 1.08129
score(845541): 0.18512
score(853800): 0.09957
score(859029): 0.38427
score(865686): 0.04979
score(873345): 0.93193
score(929046): 0.04979
score(929080): 0.04979
score(929582): 0.04979
score(936132): 0.04979
score(956230): 0.09957
score(958654): 0.14936
score(959376): 0.04979
score(966450): 0.04979
score(970533): 0.23491
score(985942): 0.04979
score(988999): 0.04979
score(999470): 0.09957
score(1035166): 0.04979
score(1049872): 0.24894
score(1062929): 0.04979
score(1118175): 0.04979
score(1164158): 0.04979
score(1178888): 0.09957
score(1205831): 0.09957
score(1215843): 0.04979
score(1255083): 0.04979
score(1362735): 0.09957
score(1447148): 0.04979
score(1456106): 0.04979
score(1486630): 0.04979
score(1508598): 0.09957
score(1545476): 0.04979
score(1550429): 0.04979
score(1555056): 0.04979
score(1782067): 0.04979
score(1791933): 0.04979
score(1896245): 0.04979
score(1920144): 0.04979
score(1923363): 0.33448
score(1925559): 0.38427
score(1925753): 0.04979
score(1943513): 0.04979
score(2184661): 0.04979
