score(1772): 0.04979
score(5640): 0.04979
score(6444): 0.43406
score(7373): 0.09957
score(7392): 0.3983
score(8520): 5.18835
score(9449): 0.14936
score(13740): 0.09957
score(16189): 0.04979
score(25717): 0.09957
score(25888): 0.43406
score(32810): 0.33448
score(32811): 0.38427
score(34818): 0.58342
score(39778): 0.38427
score(62621): 0.04979
score(67846): 0.04979
score(83114): 0.04979
score(85020): 0.18512
score(95886): 0.73278
score(121031): 0.04979
score(128130): 0.43406
score(130581): 0.33448
score(154912): 0.04979
score(163198): 0.04979
score(165798): 0.04979
score(182677): 0.04979
score(224517): 0.04979
score(266004): 0.04979
score(282078): 0.53363
score(287119): 0.04979
score(308669): 0.23491
score(331064): 0.33448
score(346587): 0.23491
score(354999): 0.04979
score(371406): 0.04979
score(389295): 0.04979
score(422387): 0.18512
score(542003): 0.04979
score(626357): 0.04979
score(686629): 0.04979
score(687539): 0.23491
score(745616): 0.23491
