score(979): 0.01832
score(6532): 0.07326
score(7392): 0.08642
score(7533): 0.01832
score(7689): 0.01832
score(8520): 0.75168
score(10014): 0.01832
score(13735): 0.01832
score(19828): 0.01832
score(25888): 0.32133
score(26296): 0.01832
score(34818): 0.22175
score(39777): 0.35796
score(44356): 0.01832
score(65893): 0.03663
