score(23): 0.09957
score(369): 0.63321
score(409): 0.09957
score(458): 0.14936
score(729): 0.34851
score(994): 0.19915
score(1004): 0.04979
score(2766): 0.04979
score(5541): 0.09957
score(5640): 0.19915
score(6216): 0.09957
score(6444): 1.13108
score(6448): 0.2847
score(7373): 0.43406
score(7392): 0.74681
score(7533): 0.59744
score(7569): 0.04979
score(7617): 0.3983
score(7689): 0.24894
score(8520): 21.25833
score(9106): 0.04979
score(9449): 0.19915
score(11386): 0.19915
score(12062): 0.14936
score(12390): 0.04979
score(13742): 0.29872
score(14353): 0.14936
score(15885): 0.24894
score(25717): 0.54766
score(25888): 1.08129
score(26913): 0.04979
score(27369): 0.04979
score(29910): 0.09957
score(32510): 0.19915
score(32810): 0.78257
score(32811): 0.93193
score(33351): 0.24894
score(34138): 0.14936
score(34818): 1.08129
score(38768): 0.09957
score(39780): 0.58342
score(43878): 0.84638
score(45843): 0.04979
score(47927): 0.04979
score(47928): 0.14936
score(48499): 0.04979
score(53084): 0.34851
score(59022): 0.09957
score(61221): 0.64723
score(64640): 0.43406
score(70580): 0.04979
score(82787): 0.29872
score(83121): 0.09957
score(85027): 0.53363
score(92548): 0.04979
score(95176): 0.58342
score(95569): 0.04979
score(95893): 0.99574
score(102590): 0.04979
score(121039): 0.19915
score(123148): 0.19915
score(128138): 0.68299
score(130589): 0.63321
score(131469): 0.09957
score(132261): 0.09957
score(135380): 0.14936
score(142716): 0.04979
score(145137): 0.04979
score(147849): 0.14936
score(147850): 0.04979
score(163135): 0.04979
score(163206): 0.19915
score(165806): 0.04979
score(180684): 0.04979
score(182688): 0.04979
score(183359): 0.43406
score(187599): 0.04979
score(196779): 0.24894
score(224529): 0.04979
score(266017): 0.09957
score(272237): 0.04979
score(282091): 0.73278
score(287133): 0.09957
score(308684): 0.33448
score(324601): 0.04979
score(331079): 0.78257
score(332520): 0.04979
score(334670): 0.04979
score(346602): 0.58342
score(347654): 0.73278
score(355014): 0.14936
score(371423): 0.04979
score(389312): 0.38427
score(417570): 0.04979
score(419846): 0.14936
score(440989): 0.04979
score(542025): 0.3983
score(568068): 0.14936
score(569848): 0.24894
score(570203): 0.78257
score(626380): 0.04979
score(686657): 0.04979
score(687567): 0.73278
score(702144): 0.2847
score(703520): 0.44808
score(706226): 0.04979
score(714630): 0.18512
score(741082): 0.04979
score(745644): 0.43406
score(757364): 0.09957
score(768821): 0.04979
score(780344): 0.04979
score(792344): 0.09957
score(815463): 0.04979
score(841613): 0.09957
score(841663): 1.28044
score(841756): 1.13108
score(845549): 0.18512
score(853808): 0.09957
score(859037): 0.38427
score(865694): 0.04979
score(873353): 0.98172
score(929055): 0.04979
score(929089): 0.04979
score(929591): 0.04979
score(936141): 0.04979
score(940137): 0.04979
score(956239): 0.09957
score(958663): 0.14936
score(959385): 0.04979
score(966459): 0.04979
score(970542): 0.2847
score(985951): 0.04979
score(989008): 0.04979
score(999479): 0.14936
score(1035175): 0.04979
score(1049881): 0.24894
score(1062938): 0.04979
score(1118185): 0.04979
score(1164168): 0.04979
score(1178898): 0.09957
score(1205841): 0.04979
score(1215853): 0.04979
score(1255093): 0.04979
score(1362745): 0.09957
score(1447158): 0.04979
score(1456116): 0.04979
score(1486640): 0.04979
score(1508608): 0.09957
score(1545486): 0.04979
score(1550439): 0.04979
score(1555066): 0.04979
score(1556050): 0.04979
score(1770582): 0.04979
score(1782077): 0.09957
score(1791943): 0.04979
score(1912679): 0.04979
score(1920156): 0.04979
score(1923375): 0.14936
score(1925571): 0.19915
score(1925765): 0.04979
score(1943525): 0.09957
score(2184673): 0.04979
score(3073314): 0.04979
