score(23): 0.14936
score(369): 0.53363
score(409): 0.09957
score(458): 0.04979
score(729): 0.34851
score(994): 0.19915
score(1004): 0.04979
score(2766): 0.04979
score(5640): 0.19915
score(6216): 0.14936
score(6444): 0.14936
score(6448): 0.2847
score(7373): 0.43406
score(7392): 0.69702
score(7533): 0.59744
score(7569): 0.04979
score(7617): 0.3983
score(7689): 0.34851
score(8520): 20.62513
score(9106): 0.04979
score(9449): 0.14936
score(11386): 0.14936
score(12062): 0.14936
score(12390): 0.04979
score(13742): 0.29872
score(14353): 0.14936
score(15885): 0.24894
score(25717): 0.59744
score(25888): 1.13108
score(26913): 0.04979
score(27369): 0.04979
score(29722): 0.04979
score(29910): 0.04979
score(32510): 0.19915
score(32810): 0.78257
score(32811): 0.93193
score(33351): 0.19915
score(34138): 0.14936
score(34818): 1.0315
score(37093): 0.09957
score(38768): 0.09957
score(39780): 0.53363
score(43878): 0.94595
score(45843): 0.04979
score(47927): 0.04979
score(47928): 0.14936
score(48499): 0.04979
score(53084): 0.29872
score(59022): 0.09957
score(61221): 0.64723
score(64640): 0.43406
score(66596): 0.04979
score(70580): 0.04979
score(82787): 0.29872
score(83121): 0.09957
score(85027): 0.43406
score(92548): 0.04979
score(95176): 0.53363
score(95893): 1.04553
score(102590): 0.04979
score(121039): 0.19915
score(123148): 0.19915
score(128138): 0.73278
score(130589): 0.58342
score(131469): 0.09957
score(132261): 0.14936
score(135380): 0.14936
score(142716): 0.04979
score(145137): 0.04979
score(147849): 0.14936
score(147850): 0.04979
score(163206): 0.24894
score(165806): 0.04979
score(180684): 0.04979
score(182688): 0.04979
score(183359): 0.38427
score(196779): 0.24894
score(266017): 0.04979
score(272237): 0.04979
score(282091): 0.78257
score(287133): 0.09957
score(308684): 0.33448
score(324601): 0.04979
score(331079): 0.78257
score(332520): 0.04979
score(334670): 0.04979
score(346602): 0.58342
score(347654): 0.63321
score(355014): 0.14936
score(365068): 0.04979
score(371423): 0.04979
score(389312): 0.38427
score(417570): 0.04979
score(419846): 0.14936
score(440989): 0.04979
score(542025): 0.44808
score(568069): 0.14936
score(570204): 0.88214
score(626381): 0.04979
score(686658): 0.09957
score(687568): 0.73278
score(702145): 0.2847
score(703521): 0.44808
score(706227): 0.04979
score(714631): 0.13534
score(741083): 0.04979
score(745645): 0.43406
score(756715): 0.04979
score(757365): 0.09957
score(768822): 0.04979
score(780345): 0.04979
score(792345): 0.09957
score(815464): 0.04979
score(841614): 0.09957
score(841664): 1.13108
score(841757): 1.23065
score(845550): 0.18512
score(853809): 0.09957
score(859038): 0.43406
score(865695): 0.04979
score(873355): 1.23065
score(929059): 0.04979
score(929093): 0.04979
score(929595): 0.04979
score(936145): 0.04979
score(940141): 0.04979
score(956243): 0.04979
score(958667): 0.14936
score(959389): 0.04979
score(966463): 0.04979
score(970546): 0.2847
score(985955): 0.04979
score(989012): 0.04979
score(999483): 0.14936
score(1035179): 0.04979
score(1049885): 0.24894
score(1062942): 0.04979
score(1102559): 0.04979
score(1118190): 0.04979
score(1127973): 0.04979
score(1164173): 0.04979
score(1178903): 0.09957
score(1205846): 0.04979
score(1215858): 0.04979
score(1255098): 0.04979
score(1362750): 0.09957
score(1447164): 0.04979
score(1456122): 0.04979
score(1486647): 0.04979
score(1508615): 0.14936
score(1545493): 0.04979
score(1555073): 0.04979
score(1556057): 0.04979
score(1770589): 0.04979
score(1782084): 0.09957
score(1791950): 0.04979
score(1912686): 0.04979
score(1920163): 0.04979
score(1923382): 0.14936
score(1925578): 0.19915
score(1925772): 0.04979
score(1943534): 0.09957
score(2184683): 0.04979
score(3073328): 0.04979
