score(126): 0.03663
score(979): 0.01832
score(1244): 0.01832
score(1648): 0.01832
score(1772): 0.08642
score(5261): 0.03663
score(5640): 0.01832
score(6218): 0.03663
score(6444): 0.25323
score(7373): 0.12821
score(7392): 0.14137
score(7533): 0.12305
score(7689): 0.03663
score(8520): 2.91098
score(8611): 0.01832
score(12529): 0.01832
score(13482): 0.01832
score(13601): 0.01832
score(13722): 0.07326
score(13742): 0.07326
score(21489): 0.01832
score(25717): 0.60209
score(25888): 0.51764
score(26177): 0.01832
score(26296): 0.01832
score(32510): 0.01832
score(32810): 0.03663
score(33351): 0.12305
score(33564): 0.03663
score(34818): 0.44954
score(37090): 0.01832
score(39777): 0.69564
score(43875): 0.42926
score(48101): 0.12305
score(69183): 0.01832
score(77358): 0.03663
score(82779): 0.01832
score(83113): 0.23491
score(83912): 0.01832
score(85019): 0.01832
score(87805): 0.01832
score(88286): 0.03663
score(95861): 0.03663
score(121030): 0.03663
score(130580): 0.24007
score(150475): 0.01832
score(154892): 0.01832
score(154910): 0.08642
score(162272): 0.01832
score(165915): 0.14137
score(282073): 0.3448
score(287114): 0.10473
score(290948): 0.01832
score(298373): 0.25126
