score(994): 0.04979
score(5640): 0.04979
score(6444): 0.73278
score(7373): 0.38427
score(7392): 0.49787
score(8520): 10.0829
score(9449): 0.24894
score(9540): 0.14936
score(13740): 0.09957
score(15885): 0.04979
score(16189): 0.04979
score(25717): 0.14936
score(25888): 0.68299
score(32810): 0.38427
score(32811): 0.48384
score(33351): 0.04979
score(34818): 0.83235
score(39779): 0.48384
score(53082): 0.04979
score(59020): 0.04979
score(62623): 0.04979
score(67848): 0.04979
score(69186): 0.04979
score(83116): 0.04979
score(83915): 0.14936
score(85022): 0.2847
score(92543): 0.04979
score(95171): 0.09957
score(95888): 0.78257
score(128132): 0.68299
score(130583): 0.48384
score(147843): 0.04979
score(163200): 0.09957
score(165800): 0.04979
score(178314): 0.04979
score(182679): 0.04979
score(224519): 0.04979
score(266006): 0.04979
score(282080): 0.88214
score(287121): 0.04979
score(308671): 0.33448
score(324588): 0.04979
score(331066): 0.24894
score(346589): 0.48384
score(347641): 0.09957
score(354765): 0.04979
score(355001): 0.04979
score(389298): 0.38427
score(422390): 0.2847
score(542008): 0.29872
score(570186): 0.33448
score(626362): 0.09957
score(686635): 0.04979
score(687545): 0.53363
score(714608): 0.04979
score(745622): 0.23491
score(768799): 0.04979
score(811116): 0.04979
score(841589): 0.19915
score(841639): 0.98172
score(841732): 0.98172
score(859013): 0.2847
score(873329): 0.83235
score(883032): 0.14936
score(958635): 0.09957
score(966431): 0.04979
score(987304): 0.04979
score(1049853): 0.19915
