score(23): 0.09957
score(369): 0.73278
score(458): 0.73278
score(729): 0.34851
score(994): 0.14936
score(1004): 0.04979
score(5541): 0.04979
score(5640): 0.14936
score(5890): 0.04979
score(6216): 0.09957
score(6218): 0.04979
score(6444): 1.28044
score(6448): 0.18512
score(7373): 0.53363
score(7392): 0.79659
score(7533): 0.54766
score(7617): 0.3983
score(8520): 20.74012
score(9449): 0.24894
score(11386): 0.14936
score(12062): 0.09957
score(12390): 0.04979
score(13740): 0.19915
score(13742): 0.19915
score(15885): 0.19915
score(20087): 0.04979
score(21918): 0.04979
score(25209): 0.04979
score(25717): 0.44808
score(25888): 1.13108
score(27369): 0.04979
score(32510): 0.09957
score(32810): 0.58342
score(32811): 0.68299
score(33351): 0.19915
score(34818): 1.13108
score(37376): 0.04979
score(38768): 0.09957
score(39780): 0.63321
score(43878): 2.12682
score(44441): 0.04979
score(45843): 0.04979
score(47926): 0.04979
score(47927): 0.09957
score(53083): 0.63321
score(59021): 0.04979
score(61220): 0.54766
score(69188): 0.04979
score(70578): 0.04979
score(78989): 0.04979
score(82784): 0.34851
score(83118): 0.04979
score(83917): 0.19915
score(85024): 0.48384
score(92545): 0.04979
score(95173): 0.58342
score(95566): 0.04979
score(95890): 1.38001
score(128134): 0.68299
score(130585): 0.63321
score(131465): 0.09957
score(135376): 0.14936
score(138926): 0.04979
score(145133): 0.04979
score(147845): 0.09957
score(147846): 0.04979
score(163202): 0.34851
score(165802): 0.09957
score(174442): 0.04979
score(178316): 0.04979
score(182681): 0.04979
score(183352): 0.43406
score(187592): 0.04979
score(196772): 0.24894
score(224522): 0.04979
score(266010): 0.09957
score(282084): 0.83235
score(287125): 0.09957
score(308675): 0.33448
score(324592): 0.04979
score(331070): 0.58342
score(332511): 0.09957
score(334661): 0.04979
score(346593): 0.53363
score(347645): 0.09957
score(355005): 0.04979
score(389303): 0.38427
score(422395): 0.43406
score(440979): 0.04979
score(522239): 0.04979
score(542015): 0.34851
score(568058): 0.14936
score(569838): 0.19915
score(570193): 0.68299
score(626370): 0.04979
score(686644): 0.04979
score(687554): 0.63321
score(702131): 0.2847
score(714617): 0.04979
score(717889): 0.04979
score(745631): 0.38427
score(756701): 0.04979
score(757351): 0.04979
score(768808): 0.04979
score(792329): 0.09957
score(811125): 0.04979
score(815448): 0.04979
score(841598): 0.09957
score(841648): 1.13108
score(841741): 1.08129
score(845534): 0.18512
score(853793): 0.09957
score(859022): 0.38427
score(865679): 0.04979
score(873338): 0.83235
score(883041): 0.38427
score(956222): 0.09957
score(958646): 0.14936
score(966442): 0.04979
score(970525): 0.18512
score(999462): 0.2847
score(1035158): 0.04979
score(1049864): 0.24894
score(1062921): 0.04979
score(1118166): 0.04979
score(1127949): 0.23491
score(1164149): 0.04979
score(1178879): 0.14936
score(1201504): 0.04979
score(1205822): 0.04979
score(1215834): 0.04979
score(1362724): 0.09957
score(1447135): 0.04979
score(1456093): 0.04979
score(1486617): 0.04979
score(1508585): 0.09957
score(1550415): 0.04979
score(1791917): 0.04979
score(1896228): 0.04979
score(1920127): 0.04979
score(1923346): 0.04979
score(1925542): 0.04979
score(1941366): 0.04979
score(1943496): 0.04979
