score(23): 0.09957
score(369): 0.78257
score(458): 0.68299
score(729): 0.34851
score(994): 0.14936
score(1004): 0.04979
score(5541): 0.04979
score(5640): 0.19915
score(6216): 0.09957
score(6444): 1.18086
score(6448): 0.18512
score(7373): 0.63321
score(7392): 0.79659
score(7533): 0.59744
score(7617): 0.34851
score(8520): 21.83543
score(9106): 0.04979
score(9449): 0.24894
score(11386): 0.19915
score(12062): 0.09957
score(12390): 0.04979
score(13742): 0.83235
score(14353): 0.14936
score(15885): 0.19915
score(25209): 0.04979
score(25717): 0.44808
score(25888): 1.18086
score(27369): 0.04979
score(32510): 0.19915
score(32810): 0.63321
score(32811): 0.93193
score(33351): 0.19915
score(34818): 1.18086
score(37376): 0.04979
score(38768): 0.09957
score(39780): 0.63321
score(43878): 2.12682
score(44441): 0.04979
score(45843): 0.04979
score(47926): 0.04979
score(47927): 0.09957
score(48498): 0.04979
score(53083): 0.68299
score(59021): 0.09957
score(61220): 0.54766
score(69188): 0.04979
score(70579): 0.04979
score(78990): 0.04979
score(82785): 0.3983
score(83119): 0.09957
score(83918): 0.19915
score(85025): 0.48384
score(92546): 0.04979
score(95174): 0.58342
score(95567): 0.04979
score(95891): 1.47959
score(123146): 0.29872
score(128136): 0.68299
score(130587): 0.68299
score(131467): 0.09957
score(135378): 0.14936
score(138928): 0.04979
score(142714): 0.04979
score(145135): 0.04979
score(147847): 0.09957
score(147848): 0.04979
score(163204): 0.24894
score(165804): 0.09957
score(174444): 0.09957
score(180679): 0.04979
score(182683): 0.04979
score(183354): 0.43406
score(187594): 0.04979
score(196774): 0.24894
score(224524): 0.04979
score(266012): 0.09957
score(282086): 0.78257
score(287127): 0.09957
score(308677): 0.33448
score(324594): 0.04979
score(331072): 0.58342
score(332513): 0.09957
score(334663): 0.04979
score(346595): 0.53363
score(347647): 0.09957
score(355007): 0.04979
score(389305): 0.38427
score(419838): 0.09957
score(440981): 0.04979
score(522241): 0.04979
score(542017): 0.3983
score(568060): 0.14936
score(569840): 0.19915
score(570195): 0.73278
score(626372): 0.04979
score(686647): 0.04979
score(687557): 0.68299
score(702134): 0.2847
score(717892): 0.04979
score(745634): 0.38427
score(756704): 0.04979
score(757354): 0.04979
score(768811): 0.04979
score(792332): 0.09957
score(811128): 0.04979
score(815451): 0.09957
score(841601): 0.09957
score(841651): 1.13108
score(841744): 1.0315
score(845537): 0.18512
score(853796): 0.09957
score(859025): 0.38427
score(865682): 0.04979
score(873341): 0.93193
score(883044): 0.33448
score(956226): 0.09957
score(958650): 0.14936
score(966446): 0.04979
score(970529): 0.23491
score(999466): 0.14936
score(1035162): 0.04979
score(1049868): 0.24894
score(1062925): 0.04979
score(1118171): 0.09957
score(1164154): 0.04979
score(1178884): 0.14936
score(1201509): 0.04979
score(1205827): 0.04979
score(1215839): 0.04979
score(1255079): 0.04979
score(1362730): 0.09957
score(1447143): 0.04979
score(1456101): 0.04979
score(1486625): 0.04979
score(1508593): 0.09957
score(1550424): 0.04979
score(1791927): 0.04979
score(1896238): 0.04979
score(1920137): 0.09957
score(1923356): 0.38427
score(1925552): 0.43406
score(1925746): 0.04979
score(1941376): 0.04979
score(1943506): 0.04979
score(2184651): 0.04979
score(2217136): 0.04979
