score(7392): 0.04979
score(8520): 0.60515
score(25888): 0.2847
score(34818): 0.18512
score(39777): 0.2847
