score(6530): 0.01832
score(7530): 0.01832
score(8517): 0.01832
score(13725): 0.01832
