score(1772): 0.04979
score(6444): 0.23491
score(7392): 0.04979
score(7533): 0.04979
score(8520): 1.79373
score(25717): 0.19915
score(25888): 0.33448
score(33351): 0.04979
score(34818): 0.2847
score(39777): 0.38427
score(43875): 0.09957
score(48101): 0.04979
score(83113): 0.23491
score(130580): 0.18512
score(154910): 0.04979
score(165915): 0.04979
score(282073): 0.23491
score(287114): 0.04979
score(298373): 0.04979
