score(12): 0.29305
score(27): 0.03663
score(126): 0.01832
score(369): 0.03663
score(484): 0.01832
score(727): 0.01832
score(729): 0.01832
score(969): 0.01832
score(979): 0.03663
score(990): 0.01832
score(1244): 0.03663
score(1648): 0.01832
score(1772): 0.12305
score(1773): 0.01832
score(2789): 0.01832
score(2803): 0.01832
score(2833): 0.01832
score(2861): 0.01832
score(2862): 0.01832
score(2926): 0.01832
score(4571): 0.01832
score(4782): 0.01832
score(5261): 0.01832
score(5541): 0.01832
score(5640): 0.21463
score(5672): 0.03663
score(5925): 0.01832
score(6176): 0.01832
score(6218): 0.03663
score(6383): 0.27473
score(6420): 0.01832
score(6444): 0.7689
score(6507): 0.01832
score(7218): 0.01832
score(7373): 0.21979
score(7392): 0.79324
score(7533): 0.19631
score(7689): 0.01832
score(8520): 7.22798
score(8611): 0.05495
score(9449): 0.178
score(12529): 0.07326
score(12809): 0.03663
score(13482): 0.01832
score(13722): 0.03663
score(13726): 0.01832
score(13733): 0.01832
score(13735): 0.03663
score(13740): 0.31936
score(13742): 0.03663
score(13867): 0.01832
score(15965): 0.01832
score(16189): 0.10473
score(20422): 0.07326
score(20468): 0.01832
score(24813): 0.03663
score(25036): 0.01832
score(25717): 0.68567
score(25888): 0.65901
score(26177): 0.01832
score(26296): 0.01832
score(32510): 0.01832
score(32810): 0.65617
score(32811): 0.97553
score(33351): 0.178
score(33564): 0.09158
score(33596): 0.03663
score(33691): 0.01832
score(34030): 0.07326
score(34818): 0.78205
score(39778): 1.13521
score(39943): 0.01832
score(43876): 0.45273
score(45841): 0.01832
score(48102): 0.2461
score(48495): 0.01832
score(49621): 0.01832
score(53080): 0.05495
score(58682): 0.03663
score(61291): 0.07326
score(62621): 0.12305
score(64376): 0.03663
score(67846): 0.08642
score(69184): 0.03663
score(75825): 0.01832
score(77359): 0.05495
score(82780): 0.01832
score(83114): 0.14137
score(83913): 0.03663
score(85020): 0.32649
score(87806): 0.03663
score(87942): 0.05495
score(87949): 0.03663
score(88287): 0.03663
score(88682): 0.01832
score(95862): 0.01832
score(102583): 0.09158
score(121031): 0.14137
score(128130): 0.178
score(130581): 0.61721
score(131781): 0.01832
score(138307): 0.03663
score(141753): 0.01832
score(150477): 0.01832
score(154894): 0.01832
score(154912): 0.10473
score(154913): 0.01832
score(162274): 0.01832
score(163198): 0.14137
score(168906): 0.03663
score(173195): 0.01832
score(174953): 0.05495
score(177191): 0.03663
score(178312): 0.01832
score(200865): 0.01832
score(206852): 0.01832
score(220245): 0.07326
score(239523): 0.08642
score(262709): 0.01832
score(282076): 0.69564
score(287117): 0.01832
score(308667): 0.03663
score(331062): 0.38143
score(334223): 0.01832
score(334653): 0.07326
score(339913): 0.01832
score(346585): 0.18512
score(354761): 0.01832
score(354997): 0.07326
score(357514): 0.01832
score(371404): 0.19631
score(376942): 0.01832
score(378193): 0.01832
score(389292): 0.04979
score(422384): 0.34996
score(422968): 0.03663
score(425965): 0.03663
score(514669): 0.01832
score(541998): 0.22175
score(553690): 0.01832
