score(1772): 0.04979
score(5640): 0.04979
score(6444): 0.38427
score(7392): 0.29872
score(7533): 0.04979
score(8520): 3.60148
score(9449): 0.04979
score(13740): 0.09957
score(16189): 0.04979
score(25717): 0.09957
score(25888): 0.38427
score(32810): 0.23491
score(32811): 0.33448
score(33351): 0.04979
score(34818): 0.43406
score(39778): 0.38427
score(43876): 0.04979
score(48102): 0.09957
score(62621): 0.04979
score(67846): 0.04979
score(83114): 0.04979
score(85020): 0.23491
score(121031): 0.04979
score(128130): 0.04979
score(130581): 0.43406
score(154912): 0.04979
score(163198): 0.04979
score(239523): 0.04979
score(282076): 0.38427
score(331062): 0.23491
score(346585): 0.18512
score(371404): 0.04979
score(389292): 0.04979
score(422384): 0.18512
score(541998): 0.18512
