score(23): 0.09957
score(369): 0.58342
score(458): 0.48384
score(729): 0.29872
score(994): 0.14936
score(1004): 0.04979
score(5541): 0.04979
score(5640): 0.09957
score(5890): 0.04979
score(6216): 0.04979
score(6218): 0.04979
score(6444): 1.33022
score(6448): 0.18512
score(7373): 0.48384
score(7380): 0.04979
score(7392): 0.64723
score(7533): 0.49787
score(7617): 0.24894
score(8520): 17.59582
score(9449): 0.24894
score(9540): 0.24894
score(11386): 0.14936
score(12062): 0.09957
score(12390): 0.04979
score(13740): 0.24894
score(13742): 0.09957
score(15885): 0.19915
score(16189): 0.04979
score(20087): 0.09957
score(21918): 0.04979
score(25717): 0.34851
score(25888): 0.98172
score(27369): 0.04979
score(32510): 0.04979
score(32810): 0.53363
score(32811): 0.58342
score(33351): 0.14936
score(34818): 1.08129
score(39780): 0.53363
score(43878): 0.54766
score(45843): 0.04979
score(47927): 0.04979
score(53083): 0.53363
score(59021): 0.04979
score(61220): 0.49787
score(69188): 0.04979
score(70578): 0.04979
score(82784): 0.29872
score(83118): 0.04979
score(83917): 0.19915
score(85024): 0.43406
score(92545): 0.04979
score(95173): 0.04979
score(95890): 1.23065
score(128134): 0.63321
score(130585): 0.53363
score(131465): 0.09957
score(135376): 0.14936
score(145133): 0.09957
score(147845): 0.09957
score(147846): 0.04979
score(163202): 0.29872
score(165802): 0.04979
score(174442): 0.04979
score(178316): 0.09957
score(182681): 0.04979
score(183352): 0.38427
score(187592): 0.04979
score(224522): 0.04979
score(266010): 0.04979
score(267314): 0.04979
score(282084): 0.83235
score(287125): 0.09957
score(308675): 0.33448
score(324592): 0.04979
score(331070): 0.58342
score(332511): 0.04979
score(334661): 0.09957
score(346593): 0.53363
score(347645): 0.14936
score(355005): 0.04979
score(389302): 0.38427
score(422394): 0.38427
score(440978): 0.04979
score(542014): 0.34851
score(568057): 0.14936
score(570192): 0.68299
score(626368): 0.04979
score(686642): 0.04979
score(687552): 0.63321
score(702129): 0.23491
score(714615): 0.04979
score(745629): 0.33448
score(756699): 0.04979
score(768806): 0.04979
score(792327): 0.09957
score(811123): 0.04979
score(841596): 0.09957
score(841646): 1.13108
score(841739): 1.08129
score(845532): 0.18512
score(853791): 0.09957
score(859020): 0.38427
score(865677): 0.04979
score(873336): 0.88214
score(883039): 0.38427
score(956220): 0.09957
score(958644): 0.14936
score(966440): 0.04979
score(970523): 0.13534
score(1035156): 0.04979
score(1049862): 0.24894
score(1062919): 0.04979
score(1118164): 0.04979
score(1127947): 0.23491
score(1164147): 0.04979
score(1178877): 0.09957
score(1205820): 0.04979
score(1215832): 0.04979
score(1447133): 0.04979
score(1456091): 0.04979
score(1486615): 0.04979
score(1508583): 0.09957
score(1550413): 0.04979
score(1782049): 0.04979
score(1896226): 0.04979
