score(369): 0.58342
score(458): 0.09957
score(729): 0.24894
score(994): 0.04979
score(5541): 0.04979
score(5640): 0.09957
score(6216): 0.04979
score(6444): 1.08129
score(6448): 0.13534
score(7373): 0.43406
score(7392): 0.59744
score(7617): 0.14936
score(8520): 14.01747
score(9449): 0.24894
score(9540): 0.14936
score(13740): 0.24894
score(13742): 0.04979
score(15885): 0.04979
score(16189): 0.04979
score(25717): 0.19915
score(25888): 0.68299
score(32510): 0.04979
score(32810): 0.53363
score(32811): 0.53363
score(33351): 0.09957
score(34818): 0.98172
score(39780): 0.53363
score(43878): 0.34851
score(47566): 0.04979
score(47927): 0.04979
score(53083): 0.53363
score(59021): 0.04979
score(61220): 0.3983
score(67850): 0.04979
score(69188): 0.04979
score(70578): 0.04979
score(83118): 0.04979
score(83917): 0.14936
score(85024): 0.38427
score(92545): 0.04979
score(95173): 0.09957
score(95890): 1.0315
score(123144): 0.09957
score(128134): 0.68299
score(130585): 0.63321
score(145133): 0.04979
score(147845): 0.09957
score(147846): 0.04979
score(163202): 0.19915
score(165802): 0.04979
score(174442): 0.04979
score(178316): 0.09957
score(182681): 0.04979
score(183352): 0.38427
score(224521): 0.04979
score(266009): 0.04979
score(267313): 0.04979
score(282083): 0.88214
score(287124): 0.09957
score(308674): 0.33448
score(324591): 0.04979
score(331069): 0.24894
score(332510): 0.04979
score(334660): 0.09957
score(346592): 0.48384
score(347644): 0.09957
score(354768): 0.04979
score(355004): 0.04979
score(389301): 0.38427
score(422393): 0.33448
score(542012): 0.29872
score(570190): 0.33448
score(626366): 0.09957
score(686639): 0.04979
score(687549): 0.58342
score(714612): 0.04979
score(745626): 0.2847
score(768803): 0.04979
score(811120): 0.04979
score(841593): 0.24894
score(841643): 1.08129
score(841736): 1.0315
score(845529): 0.18512
score(853788): 0.14936
score(859017): 0.33448
score(873333): 0.88214
score(883036): 0.38427
score(958639): 0.09957
score(966435): 0.04979
score(1049857): 0.24894
score(1062914): 0.04979
score(1127941): 0.23491
score(1164140): 0.04979
score(1205813): 0.04979
