score(4451): 0.18512
score(11968): 0.04979
score(12784): 0.13534
score(18447): 0.32046
