score(1889): 0.01832
score(4451): 0.20344
score(11968): 0.04979
score(12784): 0.17197
score(16266): 0.01832
score(16267): 0.01832
score(18447): 0.35709
