score(727): 0.04979
score(895): 0.04979
score(1889): 0.14936
score(2055): 0.04979
score(2678): 0.2847
score(4455): 0.73278
score(7017): 0.04979
score(7549): 0.04979
score(8116): 0.38427
score(11984): 0.04979
score(12807): 0.2847
score(16297): 0.58342
score(16298): 0.63321
score(18491): 3.66529
score(24696): 0.43406
score(25574): 0.04979
score(28652): 0.04979
score(29026): 0.04979
score(35139): 0.09957
score(56598): 0.2847
score(135614): 0.43406
score(139237): 0.18512
score(174762): 0.04979
score(188624): 0.04979
score(192114): 0.04979
score(203288): 0.04979
score(209761): 0.33448
score(299664): 0.04979
score(397172): 0.13534
score(465510): 0.04979
