score(2677): 0.04979
score(4453): 0.2847
score(11978): 0.04979
score(12800): 0.13534
score(18477): 0.42003
score(35055): 0.04979
