score(1889): 0.01832
score(1903): 0.03663
score(2677): 0.12305
score(4453): 0.46785
score(5021): 0.05495
score(5345): 0.05495
score(7013): 0.01832
score(7544): 0.01832
score(7580): 0.01832
score(7713): 0.01832
score(8215): 0.01832
score(8256): 0.01832
score(8263): 0.01832
score(9516): 0.01832
score(11978): 0.12305
score(12800): 0.19028
score(13710): 0.01832
score(16289): 0.03663
score(16290): 0.01832
score(17086): 0.01832
score(17145): 0.01832
score(18477): 0.74971
score(19064): 0.01832
score(20162): 0.03663
score(28360): 0.01832
score(28996): 0.01832
score(34946): 0.01832
score(35055): 0.08642
score(45217): 0.01832
score(56443): 0.01832
