score(490): 0.14936
score(1306): 0.09957
score(1889): 0.49787
score(1903): 0.04979
score(2678): 0.2847
score(4455): 0.78257
score(5347): 0.04979
score(6981): 0.04979
score(7017): 0.04979
score(7515): 0.04979
score(7549): 0.04979
score(8116): 0.43406
score(8123): 0.14936
score(8596): 0.04979
score(11984): 0.14936
score(12137): 0.04979
score(12807): 0.33448
score(13068): 0.09957
score(16297): 0.78257
score(16298): 0.93193
score(18491): 6.71001
score(19411): 0.04979
score(21144): 0.04979
score(24696): 0.73278
score(25574): 0.04979
score(28652): 0.63321
score(29026): 0.04979
score(43000): 0.04979
score(44929): 0.04979
score(56598): 0.43406
score(64636): 0.04979
score(65562): 0.09957
score(74080): 0.04979
score(84110): 0.09957
score(87037): 0.09957
score(87997): 0.04979
score(88764): 0.04979
score(135614): 0.53363
score(139237): 0.18512
score(174762): 0.14936
score(192114): 0.53363
score(203289): 0.04979
score(209762): 0.48384
score(214394): 0.04979
score(229538): 0.09957
score(299665): 0.09957
score(378662): 0.09957
score(465511): 0.04979
score(509258): 0.48384
score(509829): 0.3983
score(510367): 0.04979
score(549999): 0.33448
score(575953): 0.04979
score(894783): 0.04979
