score(490): 0.09957
score(727): 0.09957
score(895): 0.04979
score(1889): 0.14936
score(1903): 0.04979
score(2055): 0.04979
score(2678): 0.23491
score(4455): 0.73278
score(5347): 0.04979
score(7017): 0.04979
score(7515): 0.04979
score(7521): 0.04979
score(7549): 0.04979
score(8116): 0.43406
score(8123): 0.04979
score(8596): 0.04979
score(11984): 0.14936
score(12137): 0.04979
score(12807): 0.33448
score(16297): 0.68299
score(16298): 0.83235
score(18491): 5.7283
score(19411): 0.04979
score(21144): 0.04979
score(24696): 0.73278
score(25574): 0.04979
score(28652): 0.29872
score(29026): 0.04979
score(44929): 0.04979
score(56598): 0.2847
score(65562): 0.09957
score(74080): 0.04979
score(84110): 0.04979
score(87037): 0.09957
score(88764): 0.04979
score(135614): 0.48384
score(139237): 0.18512
score(174762): 0.14936
score(192114): 0.48384
score(209761): 0.48384
score(229537): 0.04979
score(299664): 0.09957
score(378661): 0.04979
score(451741): 0.04979
score(465510): 0.04979
score(509257): 0.48384
score(509828): 0.29872
score(510366): 0.04979
score(549998): 0.33448
score(575952): 0.04979
score(894782): 0.04979
