score(1117): 0.01832
score(1889): 0.01832
score(1903): 0.01832
score(2678): 0.14137
score(4455): 0.78205
score(5023): 0.09158
score(5237): 0.01832
score(5347): 0.32968
score(5564): 0.01832
score(5773): 0.03663
score(6033): 0.03663
score(6482): 0.03663
score(6926): 0.01832
score(7017): 0.39778
score(7548): 0.03663
score(7549): 0.07326
score(7585): 0.05495
score(7718): 0.03663
score(7806): 0.01832
score(8034): 0.01832
score(8116): 0.23294
score(8128): 0.03663
score(8130): 0.01832
score(8221): 0.01832
score(8262): 0.01832
score(8269): 0.01832
score(8270): 0.03663
score(8294): 0.03663
score(8596): 0.03663
score(8854): 0.10989
score(9522): 0.03663
score(11984): 0.14137
score(12807): 0.50964
score(16297): 0.84216
score(16298): 0.80037
score(17156): 0.01832
score(17424): 0.01832
score(18491): 3.17772
score(19078): 0.01832
score(20177): 0.07326
score(22671): 0.01832
score(24674): 0.01832
score(24676): 0.03663
score(24696): 0.10989
score(28390): 0.01832
score(28652): 0.12305
score(29026): 0.03663
score(35027): 0.03663
score(35139): 0.14137
score(45360): 0.01832
score(56598): 0.30817
score(62666): 0.01832
score(66207): 0.01832
score(86244): 0.01832
score(88686): 0.01832
score(113307): 0.01832
score(113360): 0.01832
score(135614): 0.44954
score(139237): 0.13534
score(170570): 0.01832
score(174762): 0.01832
score(177301): 0.01832
score(185062): 0.01832
score(185779): 0.03663
