score(2678): 0.04979
score(4455): 0.43406
score(7017): 0.04979
score(8116): 0.04979
score(11984): 0.04979
score(12807): 0.23491
score(16297): 0.38427
score(16298): 0.43406
score(18491): 1.69415
score(28652): 0.04979
score(35139): 0.04979
score(56598): 0.23491
score(135614): 0.2847
score(139237): 0.13534
